0
0.053438
-0.177161 -0.131042
0.099558 0.376277 0.284037
0.053438 0.007318 0.053438 0.237917
-0.084922 0.191797 -0.038802 0.007318 0.145678
0.237917 0.376277 0.237917 0.053438 0.284037 0.191797
0.099558 0.422397 0.145678 0.191797 0.099558 0.145678 0.007318
0.007318 0.237917 -0.038802 0.237917 0.237917 -0.038802 0.007318 0.145678
0.099558 0.099558 -0.038802 0.099558 0.145678 0.053438 -0.084922 0.191797 -0.038802
0.237917 0.284037 0.007318 0.284037 0.376277 0.099558 0.053438 0.330157 -0.038802 0.053438
0.422397 0.468517 0.284037 0.145678 0.560756 0.237917 -0.038802 0.376277 0.053438 0.053438 -0.223281
0.330157 0.284037 0.099558 0.099558 0.468517 0.145678 0.191797 0.376277 0.191797 0.145678 0.099558 0.007318
0.053438 0.191797 -0.131042 0.145678 0.284037 0.237917 0.145678 0.191797 0.053438 -0.038802 0.145678 0.145678 0.007318
-0.084922 0.053438 -0.269401 0.191797 0.237917 0.053438 -0.038802 0.145678 -0.084922 -0.084922 -0.131042 0.099558 0.099558 -0.084922
0.145678 0.376277 0.099558 0.053438 0.330157 -0.131042 0.099558 0.191797 0.007318 0.099558 0.145678 0.053438 0.099558 0.053438 0.145678
0.237917 0.330157 0.191797 0.191797 0.284037 0.053438 0.330157 0.422397 0.145678 0.237917 0.284037 0.284037 0.376277 0.376277 0.191797 0.099558
0.330157 0.422397 0.237917 0.237917 0.468517 0.330157 0.053438 0.099558 0.145678 0.053438 0.007318 0.007318 0.330157 0.191797 0.191797 0.237917 0.514636
0.284037 0.237917 0.145678 0.284037 0.191797 0.237917 0.099558 0.145678 0.237917 0.237917 0.145678 0.191797 0.330157 0.330157 0.099558 0.284037 0.376277 0.099558
-0.038802 -0.038802 -0.177161 0.284037 0.330157 0.053438 0.191797 0.191797 0.007318 -0.038802 0.191797 0.237917 0.237917 0.007318 -0.038802 0.099558 0.237917 0.099558 0.191797
0.376277 0.468517 0.191797 0.191797 0.422397 0.237917 0.191797 0.099558 0.191797 0.284037 0.330157 0.284037 0.099558 0.237917 0.191797 0.237917 0.468517 0.376277 0.330157 0.284037
0.330157 0.330157 0.145678 0.237917 0.376277 0.237917 0.191797 0.330157 0.191797 0.007318 0.145678 0.053438 0.237917 0.099558 0.191797 0.099558 0.099558 0.099558 0.237917 0.099558 0.330157
-0.038802 0.145678 -0.131042 0.099558 0.191797 0.053438 0.099558 0.099558 -0.177161 -0.038802 0.099558 0.145678 0.053438 -0.131042 -0.084922 0.053438 0.237917 0.145678 0.237917 -0.084922 0.145678 0.145678
0.191797 0.284037 0.053438 0.376277 0.422397 0.284037 0.191797 0.330157 0.237917 0.191797 0.237917 0.237917 0.099558 0.053438 0.053438 0.237917 0.376277 0.330157 0.330157 0.145678 0.330157 0.145678 0.099558
0.330157 0.330157 0.191797 0.376277 0.422397 0.191797 0.237917 0.284037 0.007318 -0.038802 0.053438 0.099558 0.284037 0.237917 0.237917 0.191797 0.422397 -0.131042 0.284037 0.145678 0.330157 0.053438 0.053438 0.376277
0.145678 0.237917 0.053438 0.284037 0.284037 0.099558 0.284037 0.237917 0.191797 0.284037 0.330157 0.422397 0.284037 0.191797 0.145678 0.191797 0.284037 0.145678 0.145678 0.145678 0.284037 0.145678 0.145678 0.145678 0.145678
0.514636 0.422397 0.376277 0.560756 0.514636 0.468517 0.468517 0.514636 0.376277 0.330157 0.514636 0.514636 0.514636 0.514636 0.422397 0.560756 0.514636 0.284037 0.376277 0.422397 0.514636 0.284037 0.284037 0.422397 0.053438 0.191797
0.330157 0.422397 0.237917 0.284037 0.468517 0.237917 0.099558 0.237917 0.145678 0.053438 0.007318 0.007318 0.191797 0.191797 0.237917 0.145678 0.514636 -0.361641 0.191797 0.099558 0.330157 0.099558 0.145678 0.330157 -0.177161 0.145678 0.237917
0.145678 0.330157 0.007318 0.237917 0.468517 0.237917 0.191797 0.191797 0.053438 0.099558 0.099558 0.007318 0.145678 -0.131042 -0.038802 0.007318 0.284037 0.145678 0.376277 0.007318 0.284037 0.099558 -0.084922 0.145678 0.191797 0.237917 0.468517 0.145678
0.094212 0.20225 -0.067846 0.310289 0.25627 0.20225 0.148231 0.148231 0.040193 -0.067846 0.148231 0.20225 0.148231 -0.121865 -0.067846 0.148231 0.418328 0.094212 0.25627 0.040193 0.25627 0.148231 -0.229904 0.25627 -0.067846 0.094212 0.310289 0.040193 -0.067846
0.145678 0.237917 -0.038802 0.422397 0.284037 0.284037 0.284037 0.376277 -0.038802 0.099558 0.145678 0.330157 0.330157 0.099558 0.007318 0.284037 0.284037 0.284037 0.330157 0.053438 0.422397 0.191797 -0.177161 0.191797 0.099558 0.284037 0.284037 0.284037 0.191797 0.094212
0.14764 0.097821 -0.051634 0.247277 0.14764 0.297095 0.346913 0.346913 0.297095 0.197458 0.14764 0.247277 0.097821 0.048003 0.097821 0.297095 0.247277 0.14764 0.197458 0.197458 0.346913 0.14764 0.048003 0.14764 0.197458 0.048003 0.297095 0.14764 0.14764 0.032476 0.14764
0.284037 0.284037 0.099558 0.376277 0.284037 0.237917 0.376277 0.376277 0.145678 0.237917 0.237917 0.376277 0.422397 0.422397 0.145678 0.376277 0.191797 0.191797 0.191797 0.145678 0.237917 0.145678 0.099558 0.237917 0.053438 0.053438 0.053438 0.191797 0.422397 0.25627 0.007318 0.14764
0.099558 0.145678 -0.084922 0.237917 0.237917 0.145678 0.191797 0.191797 0.099558 0.053438 0.007318 0.099558 0.237917 0.099558 0.007318 0.191797 0.237917 0.007318 0.099558 -0.084922 0.191797 -0.038802 -0.038802 0.191797 0.007318 0.053438 0.237917 0.007318 0.099558 0.040193 0.007318 -0.001816 -0.084922
0.376277 0.237917 0.191797 0.330157 0.376277 0.376277 0.237917 0.376277 0.330157 0.191797 0.284037 0.376277 0.330157 0.284037 0.330157 0.376277 0.468517 0.099558 0.330157 0.191797 0.376277 0.145678 0.191797 0.237917 0.099558 0.145678 0.284037 0.099558 0.237917 0.20225 0.330157 0.048003 0.237917 0.053438
0.330157 0.053438 0.145678 0.284037 0.191797 0.330157 0.376277 0.422397 0.376277 0.145678 0.284037 0.376277 0.330157 0.284037 0.284037 0.376277 0.237917 0.237917 0.284037 0.284037 0.468517 0.053438 0.237917 0.330157 0.053438 0.191797 0.099558 0.237917 0.330157 0.148231 0.145678 0.048003 0.145678 0.099558 0.007318
0.284037 0.237917 0.191797 0.422397 0.376277 0.330157 0.376277 0.330157 0.237917 0.191797 0.284037 0.330157 0.422397 0.376277 0.237917 0.422397 0.376277 0.145678 0.284037 0.237917 0.376277 0.145678 0.237917 0.191797 0.053438 0.099558 0.099558 0.099558 0.191797 0.20225 0.330157 0.048003 0.099558 0.007318 0.099558 0.099558
0.330157 0.284037 0.145678 0.376277 0.422397 0.330157 0.330157 0.422397 0.376277 0.330157 0.330157 0.468517 0.376277 0.376277 0.284037 0.422397 0.422397 0.099558 0.284037 0.191797 0.468517 0.237917 0.145678 0.237917 0.145678 0.053438 0.191797 0.099558 0.376277 0.20225 0.191797 -0.001816 0.053438 0.007318 -0.084922 0.099558 0.145678
0.145678 0.237917 0.007318 0.191797 0.330157 0.007318 0.191797 0.237917 0.145678 0.191797 0.099558 0.191797 0.191797 0.099558 0.053438 -0.038802 0.099558 0.145678 0.145678 0.099558 0.284037 -0.084922 0.099558 0.145678 0.099558 -0.084922 0.237917 0.145678 0.053438 0.040193 0.191797 0.048003 0.145678 -0.038802 0.007318 0.099558 0.099558 0.053438
0.237917 0.330157 0.053438 0.330157 0.468517 0.191797 0.237917 0.284037 0.053438 0.007318 0.145678 0.099558 0.330157 0.099558 0.053438 0.145678 0.191797 0.099558 0.284037 -0.038802 0.376277 0.053438 -0.084922 0.191797 0.099558 0.191797 0.330157 0.099558 -0.038802 0.040193 0.099558 0.197458 0.145678 0.007318 0.330157 0.284037 0.099558 0.237917 0.099558
0.145678 0.284037 0.099558 0.145678 0.422397 0.237917 0.145678 0.330157 0.053438 0.053438 0.191797 0.145678 0.099558 0.099558 0.007318 0.237917 0.237917 0.237917 0.284037 0.099558 0.237917 0.099558 -0.084922 0.191797 0.099558 0.191797 0.237917 0.237917 0.053438 0.040193 0.145678 0.197458 0.145678 0.099558 0.191797 0.237917 0.099558 0.284037 0.007318 -0.038802
0.191797 0.237917 0.007318 0.376277 0.376277 0.376277 0.191797 0.330157 0.145678 -0.038802 0.145678 0.099558 0.191797 -0.084922 0.007318 0.191797 0.376277 0.191797 0.330157 0.053438 0.422397 0.007318 -0.038802 0.099558 0.191797 0.330157 0.468517 0.099558 -0.038802 -0.067846 0.099558 0.197458 0.376277 0.053438 0.330157 0.284037 0.191797 0.422397 0.145678 0.053438 0.099558
0.284037 0.468517 0.099558 0.237917 0.560756 0.376277 0.145678 0.284037 0.099558 0.007318 0.191797 0.053438 0.099558 -0.084922 0.053438 0.191797 0.330157 0.145678 0.376277 0.053438 0.284037 0.053438 -0.038802 0.145678 0.145678 0.284037 0.422397 0.099558 -0.038802 0.040193 0.145678 0.14764 0.330157 0.099558 0.330157 0.376277 0.191797 0.284037 0.145678 -0.084922 0.007318 -0.084922
0.099558 0.237917 -0.084922 0.284037 0.330157 0.145678 0.145678 0.191797 0.007318 -0.038802 0.099558 0.145678 0.237917 -0.038802 -0.038802 0.099558 0.237917 0.007318 0.237917 -0.131042 0.330157 0.053438 -0.223281 0.099558 0.053438 0.145678 0.237917 0.007318 -0.084922 -0.175885 -0.131042 0.048003 0.145678 -0.084922 0.145678 0.191797 0.145678 0.053438 0.007318 -0.177161 0.053438 -0.084922 -0.131042
0.191797 0.145678 0.053438 0.284037 0.145678 0.145678 0.053438 0.145678 0.145678 -0.038802 0.237917 0.237917 0.237917 0.191797 0.099558 0.237917 0.191797 0.237917 0.099558 0.053438 0.145678 0.053438 0.145678 0.053438 0.191797 0.099558 0.191797 0.237917 0.284037 0.148231 0.237917 0.197458 0.099558 0.053438 0.145678 0.145678 0.053438 0.237917 0.099558 0.099558 0.145678 0.191797 0.191797 0.053438
0.237917 0.191797 0.099558 0.237917 0.237917 0.053438 0.145678 0.330157 -0.038802 0.053438 0.053438 0.099558 0.099558 0.284037 0.053438 0.145678 0.099558 0.099558 0.191797 0.191797 0.237917 0.099558 0.053438 0.191797 0.007318 0.053438 0.099558 0.053438 0.191797 0.148231 0.145678 0.14764 -0.038802 0.053438 0.191797 0.191797 0.053438 0.145678 -0.038802 0.099558 -0.084922 0.237917 0.191797 0.099558 0.099558
0.606876 0.699116 0.376277 0.606876 0.745236 0.606876 0.468517 0.514636 0.468517 0.468517 0.606876 0.560756 0.514636 0.422397 0.468517 0.422397 0.560756 0.422397 0.652996 0.376277 0.606876 0.376277 0.330157 0.284037 0.514636 0.284037 0.606876 0.422397 0.422397 0.418328 0.422397 0.297095 0.422397 0.376277 0.422397 0.560756 0.284037 0.284037 0.330157 0.053438 0.284037 0.468517 0.145678 0.191797 0.376277 0.422397
0.237917 0.330157 -0.084922 0.284037 0.376277 0.191797 0.145678 0.191797 0.191797 0.237917 0.191797 0.237917 0.099558 0.007318 0.007318 0.099558 0.284037 0.330157 0.330157 0.099558 0.145678 0.145678 0.007318 -0.038802 0.422397 0.053438 0.468517 0.330157 0.099558 0.148231 0.191797 0.097821 0.145678 0.053438 0.191797 0.330157 0.330157 0.145678 0.007318 0.099558 0.191797 0.145678 0.053438 0.053438 0.145678 0.145678 0.099558
0.606876 0.606876 0.422397 0.468517 0.606876 0.560756 0.422397 0.560756 0.468517 0.376277 0.330157 0.284037 0.376277 0.376277 0.330157 0.376277 0.330157 0.468517 0.514636 0.422397 0.560756 0.191797 0.376277 0.330157 0.468517 0.468517 0.560756 0.468517 0.284037 0.472347 0.422397 0.247277 0.376277 0.284037 0.422397 0.376277 0.376277 0.514636 0.284037 0.330157 0.330157 0.330157 0.284037 0.330157 0.376277 0.330157 0.514636 0.330157
0.560756 0.560756 0.468517 0.468517 0.606876 0.514636 0.468517 0.514636 0.422397 0.422397 0.560756 0.468517 0.514636 0.514636 0.468517 0.468517 0.468517 0.284037 0.376277 0.422397 0.468517 0.237917 0.376277 0.468517 0.237917 0.237917 0.284037 0.284037 0.468517 0.418328 0.468517 0.346913 0.191797 0.237917 0.330157 0.330157 0.237917 0.330157 0.284037 0.330157 0.284037 0.468517 0.422397 0.376277 0.330157 0.237917 0.560756 0.468517 0.237917
0.560756 0.560756 0.468517 0.422397 0.560756 0.514636 0.468517 0.560756 0.514636 0.422397 0.468517 0.422397 0.514636 0.514636 0.468517 0.422397 0.376277 0.376277 0.422397 0.422397 0.514636 0.191797 0.422397 0.468517 0.376277 0.376277 0.514636 0.376277 0.468517 0.526366 0.468517 0.247277 0.284037 0.237917 0.376277 0.330157 0.376277 0.422397 0.330157 0.422397 0.422397 0.468517 0.468517 0.422397 0.330157 0.376277 0.652996 0.468517 0.053438 0.099558
0.514636 0.606876 0.422397 0.468517 0.606876 0.560756 0.422397 0.606876 0.468517 0.376277 0.422397 0.237917 0.376277 0.376277 0.330157 0.376277 0.330157 0.560756 0.514636 0.422397 0.560756 0.237917 0.376277 0.330157 0.560756 0.514636 0.652996 0.560756 0.376277 0.526366 0.422397 0.197458 0.376277 0.330157 0.560756 0.468517 0.514636 0.606876 0.376277 0.376277 0.376277 0.330157 0.330157 0.376277 0.376277 0.376277 0.606876 0.330157 0.191797 0.468517 0.376277
0.514636 0.606876 0.468517 0.330157 0.514636 0.422397 0.422397 0.468517 0.468517 0.330157 0.468517 0.330157 0.468517 0.468517 0.422397 0.330157 0.237917 0.468517 0.468517 0.422397 0.560756 0.191797 0.376277 0.422397 0.422397 0.468517 0.514636 0.468517 0.376277 0.526366 0.468517 0.346913 0.376277 0.330157 0.514636 0.376277 0.376277 0.560756 0.330157 0.284037 0.330157 0.376277 0.284037 0.330157 0.330157 0.330157 0.560756 0.422397 0.099558 0.191797 0.145678 0.191797
0.745236 0.745236 0.652996 0.560756 0.745236 0.652996 0.652996 0.699116 0.699116 0.560756 0.699116 0.560756 0.699116 0.699116 0.652996 0.560756 0.468517 0.422397 0.514636 0.560756 0.699116 0.284037 0.606876 0.652996 0.422397 0.422397 0.468517 0.422397 0.606876 0.634405 0.652996 0.44655 0.330157 0.376277 0.560756 0.422397 0.422397 0.514636 0.422397 0.468517 0.514636 0.606876 0.560756 0.514636 0.468517 0.422397 0.745236 0.652996 0.284037 0.191797 0.237917 0.468517 0.099558
0.560756 0.560756 0.468517 0.422397 0.514636 0.514636 0.468517 0.514636 0.422397 0.422397 0.560756 0.468517 0.514636 0.514636 0.468517 0.422397 0.376277 0.284037 0.376277 0.376277 0.422397 0.191797 0.376277 0.468517 0.284037 0.284037 0.376277 0.284037 0.514636 0.472347 0.422397 0.297095 0.053438 0.191797 0.376277 0.330157 0.330157 0.376277 0.330157 0.376277 0.376277 0.468517 0.468517 0.422397 0.330157 0.237917 0.652996 0.422397 0.191797 0.053438 0.099558 0.237917 0.191797 0.099558
0.606876 0.606876 0.422397 0.468517 0.606876 0.560756 0.422397 0.560756 0.468517 0.376277 0.422397 0.330157 0.376277 0.376277 0.330157 0.376277 0.330157 0.514636 0.514636 0.468517 0.560756 0.237917 0.376277 0.330157 0.468517 0.468517 0.560756 0.514636 0.330157 0.472347 0.422397 0.297095 0.422397 0.376277 0.514636 0.422397 0.422397 0.560756 0.330157 0.330157 0.330157 0.330157 0.237917 0.330157 0.376277 0.330157 0.514636 0.330157 0.053438 0.284037 0.237917 0.191797 -0.084922 0.145678 0.237917
0.468517 0.468517 0.330157 0.422397 0.514636 0.468517 0.330157 0.468517 0.191797 0.330157 0.422397 0.376277 0.330157 0.330157 0.284037 0.376277 0.422397 0.468517 0.422397 0.376277 0.330157 0.284037 0.191797 0.284037 0.376277 0.376277 0.468517 0.468517 0.376277 0.418328 0.284037 0.346913 0.284037 0.284037 0.330157 0.422397 0.330157 0.468517 0.330157 0.376277 0.237917 0.330157 0.330157 0.284037 0.237917 0.237917 0.560756 0.284037 0.145678 0.191797 0.237917 0.191797 0.145678 0.237917 0.099558 0.007318
0.745236 0.745236 0.560756 0.606876 0.745236 0.699116 0.560756 0.652996 0.606876 0.514636 0.560756 0.468517 0.514636 0.514636 0.468517 0.514636 0.468517 0.560756 0.652996 0.560756 0.699116 0.376277 0.514636 0.468517 0.606876 0.560756 0.606876 0.560756 0.422397 0.580386 0.560756 0.346913 0.514636 0.468517 0.606876 0.514636 0.422397 0.606876 0.422397 0.376277 0.422397 0.468517 0.330157 0.376277 0.514636 0.422397 0.468517 0.468517 0.007318 0.376277 0.376277 0.237917 0.053438 0.284037 0.284037 -0.084922 0.191797
0.652996 0.652996 0.422397 0.560756 0.652996 0.652996 0.468517 0.652996 0.514636 0.468517 0.514636 0.468517 0.422397 0.422397 0.376277 0.468517 0.468517 0.652996 0.606876 0.514636 0.606876 0.376277 0.376277 0.376277 0.560756 0.560756 0.745236 0.652996 0.468517 0.580386 0.422397 0.346913 0.468517 0.422397 0.560756 0.560756 0.606876 0.560756 0.468517 0.468517 0.468517 0.422397 0.284037 0.422397 0.468517 0.468517 0.560756 0.284037 0.191797 0.422397 0.284037 0.237917 0.053438 0.468517 0.237917 -0.038802 0.191797 0.237917
0.514636 0.560756 0.376277 0.514636 0.606876 0.606876 0.422397 0.606876 0.468517 0.422397 0.468517 0.422397 0.376277 0.376277 0.284037 0.422397 0.422397 0.606876 0.560756 0.468517 0.560756 0.330157 0.376277 0.284037 0.560756 0.514636 0.699116 0.606876 0.376277 0.526366 0.422397 0.297095 0.468517 0.422397 0.560756 0.514636 0.514636 0.606876 0.422397 0.468517 0.376277 0.330157 0.330157 0.422397 0.422397 0.422397 0.606876 0.330157 0.145678 0.376277 0.237917 0.145678 0.007318 0.422397 0.237917 -0.038802 0.145678 0.145678 -0.177161
0.560756 0.560756 0.468517 0.468517 0.606876 0.514636 0.468517 0.560756 0.514636 0.422397 0.560756 0.468517 0.514636 0.514636 0.468517 0.468517 0.468517 0.330157 0.376277 0.422397 0.514636 0.237917 0.422397 0.468517 0.330157 0.284037 0.422397 0.330157 0.514636 0.418328 0.514636 0.396732 0.237917 0.237917 0.422397 0.376277 0.376277 0.376277 0.330157 0.422397 0.422397 0.468517 0.468517 0.422397 0.330157 0.330157 0.699116 0.468517 0.330157 0.145678 0.191797 0.514636 0.237917 0.145678 0.099558 0.330157 0.284037 0.468517 0.422397 0.330157
0.560756 0.652996 0.560756 0.560756 0.652996 0.652996 0.560756 0.606876 0.606876 0.560756 0.699116 0.560756 0.606876 0.606876 0.560756 0.560756 0.560756 0.422397 0.514636 0.514636 0.606876 0.376277 0.514636 0.560756 0.422397 0.330157 0.468517 0.422397 0.606876 0.526366 0.560756 0.247277 0.284037 0.330157 0.468517 0.422397 0.422397 0.422397 0.422397 0.560756 0.514636 0.606876 0.560756 0.514636 0.468517 0.422397 0.652996 0.560756 0.468517 0.376277 0.376277 0.284037 0.376277 0.422397 0.284037 0.330157 0.468517 0.422397 0.422397 0.284037 0.237917
0.422397 0.652996 0.560756 0.284037 0.468517 0.376277 0.468517 0.468517 0.514636 0.376277 0.514636 0.376277 0.606876 0.606876 0.560756 0.376277 0.284037 0.514636 0.514636 0.468517 0.606876 0.237917 0.422397 0.560756 0.422397 0.560756 0.652996 0.514636 0.514636 0.688424 0.560756 0.396732 0.422397 0.330157 0.514636 0.422397 0.468517 0.606876 0.422397 0.422397 0.468517 0.514636 0.422397 0.468517 0.376277 0.468517 0.745236 0.560756 0.237917 0.422397 0.284037 0.330157 0.007318 0.376277 0.330157 0.191797 0.376277 0.468517 0.237917 0.330157 0.376277 0.422397
0.652996 0.652996 0.514636 0.560756 0.652996 0.652996 0.514636 0.652996 0.560756 0.514636 0.606876 0.560756 0.514636 0.514636 0.468517 0.514636 0.514636 0.652996 0.606876 0.560756 0.606876 0.422397 0.468517 0.468517 0.606876 0.560756 0.745236 0.652996 0.560756 0.634405 0.514636 0.44655 0.514636 0.468517 0.606876 0.560756 0.606876 0.652996 0.514636 0.560756 0.514636 0.514636 0.468517 0.514636 0.468517 0.514636 0.699116 0.468517 0.191797 0.422397 0.237917 0.145678 0.284037 0.376277 0.191797 0.237917 0.145678 0.237917 -0.038802 0.007318 0.422397 0.514636 0.422397
0.422397 0.514636 0.376277 0.284037 0.422397 0.376277 0.330157 0.422397 0.284037 0.284037 0.422397 0.330157 0.376277 0.376277 0.330157 0.284037 0.237917 0.468517 0.422397 0.376277 0.422397 0.191797 0.237917 0.330157 0.376277 0.422397 0.514636 0.468517 0.376277 0.472347 0.330157 0.297095 0.284037 0.284037 0.422397 0.376277 0.376277 0.514636 0.330157 0.330157 0.284037 0.330157 0.284037 0.330157 0.284037 0.284037 0.560756 0.330157 0.053438 0.191797 0.145678 0.237917 -0.131042 0.145678 0.099558 -0.038802 0.053438 0.145678 0.053438 0.053438 0.191797 0.422397 -0.084922 0.145678
0.376277 0.514636 0.376277 0.330157 0.422397 0.422397 0.284037 0.376277 0.284037 0.330157 0.468517 0.376277 0.376277 0.376277 0.330157 0.330157 0.330157 0.468517 0.468517 0.422397 0.422397 0.237917 0.237917 0.330157 0.422397 0.376277 0.422397 0.468517 0.376277 0.418328 0.284037 0.197458 0.330157 0.284037 0.376277 0.330157 0.330157 0.468517 0.284037 0.376277 0.284037 0.330157 0.330157 0.284037 0.330157 0.284037 0.468517 0.284037 0.191797 0.284037 0.237917 0.191797 -0.038802 0.376277 0.237917 0.053438 0.053438 0.191797 0.099558 0.007318 0.376277 0.099558 0.191797 0.237917 0.053438
0.560756 0.606876 0.514636 0.514636 0.606876 0.606876 0.514636 0.606876 0.560756 0.514636 0.652996 0.560756 0.560756 0.560756 0.514636 0.514636 0.514636 0.606876 0.560756 0.468517 0.560756 0.422397 0.468517 0.514636 0.606876 0.514636 0.699116 0.606876 0.606876 0.580386 0.514636 0.396732 0.422397 0.376277 0.560756 0.514636 0.560756 0.606876 0.514636 0.560756 0.514636 0.560756 0.560756 0.514636 0.422397 0.514636 0.699116 0.514636 0.376277 0.468517 0.330157 0.237917 0.191797 0.468517 0.330157 0.237917 0.284037 0.376277 0.237917 0.145678 0.468517 0.191797 0.330157 0.376277 0.237917 0.099558
0.606876 0.699116 0.606876 0.606876 0.699116 0.699116 0.606876 0.699116 0.652996 0.606876 0.745236 0.606876 0.652996 0.652996 0.606876 0.606876 0.606876 0.699116 0.652996 0.514636 0.652996 0.514636 0.560756 0.606876 0.699116 0.606876 0.791356 0.699116 0.699116 0.688424 0.606876 0.44655 0.468517 0.422397 0.652996 0.606876 0.652996 0.699116 0.606876 0.652996 0.606876 0.652996 0.652996 0.606876 0.514636 0.606876 0.791356 0.606876 0.514636 0.652996 0.468517 0.237917 0.468517 0.699116 0.468517 0.468517 0.514636 0.560756 0.468517 0.284037 0.652996 0.145678 0.514636 0.468517 0.468517 0.191797 -0.269401
0.606876 0.652996 0.422397 0.560756 0.652996 0.652996 0.468517 0.652996 0.514636 0.468517 0.514636 0.422397 0.422397 0.422397 0.376277 0.468517 0.468517 0.652996 0.606876 0.514636 0.606876 0.376277 0.376277 0.376277 0.652996 0.560756 0.745236 0.652996 0.468517 0.580386 0.422397 0.247277 0.468517 0.422397 0.560756 0.560756 0.606876 0.560756 0.468517 0.468517 0.468517 0.422397 0.376277 0.422397 0.468517 0.468517 0.560756 0.284037 0.284037 0.514636 0.330157 0.099558 0.191797 0.560756 0.422397 0.145678 0.284037 0.284037 0.053438 -0.223281 0.514636 0.237917 0.468517 0.145678 0.237917 0.007318 0.099558 0.099558
0.560756 0.652996 0.560756 0.560756 0.652996 0.652996 0.560756 0.652996 0.606876 0.560756 0.699116 0.560756 0.606876 0.606876 0.560756 0.560756 0.560756 0.652996 0.606876 0.560756 0.606876 0.468517 0.514636 0.560756 0.606876 0.560756 0.745236 0.652996 0.652996 0.688424 0.560756 0.396732 0.514636 0.468517 0.606876 0.560756 0.606876 0.652996 0.560756 0.606876 0.560756 0.606876 0.560756 0.560756 0.468517 0.560756 0.745236 0.560756 0.560756 0.606876 0.468517 0.237917 0.376277 0.699116 0.514636 0.422397 0.514636 0.560756 0.422397 0.237917 0.606876 0.330157 0.422397 0.422397 0.330157 0.284037 0.053438 0.053438 0.145678
0.560756 0.652996 0.468517 0.468517 0.560756 0.560756 0.468517 0.560756 0.514636 0.468517 0.606876 0.560756 0.514636 0.514636 0.468517 0.468517 0.468517 0.652996 0.606876 0.468517 0.606876 0.422397 0.376277 0.468517 0.606876 0.560756 0.745236 0.652996 0.560756 0.634405 0.468517 0.346913 0.422397 0.376277 0.560756 0.560756 0.606876 0.560756 0.514636 0.514636 0.514636 0.514636 0.422397 0.468517 0.468517 0.514636 0.606876 0.376277 0.191797 0.422397 0.237917 0.284037 0.053438 0.468517 0.284037 0.053438 0.237917 0.099558 0.007318 0.053438 0.422397 0.376277 0.237917 0.053438 -0.038802 0.099558 0.145678 0.284037 0.053438 0.191797
0.376277 0.652996 0.560756 0.422397 0.514636 0.514636 0.514636 0.514636 0.468517 0.514636 0.745236 0.652996 0.652996 0.652996 0.560756 0.514636 0.514636 0.699116 0.652996 0.560756 0.606876 0.514636 0.422397 0.560756 0.652996 0.606876 0.745236 0.699116 0.652996 0.742443 0.560756 0.44655 0.514636 0.514636 0.606876 0.606876 0.560756 0.699116 0.606876 0.652996 0.514636 0.606876 0.652996 0.606876 0.514636 0.560756 0.791356 0.606876 0.514636 0.514636 0.468517 0.237917 0.145678 0.560756 0.422397 0.330157 0.284037 0.468517 0.376277 0.007318 0.560756 0.376277 0.284037 0.468517 0.191797 0.099558 0.099558 0.330157 -0.038802 0.145678 0.237917
0.514636 0.560756 0.330157 0.468517 0.560756 0.560756 0.376277 0.560756 0.330157 0.376277 0.422397 0.330157 0.330157 0.330157 0.284037 0.376277 0.376277 0.560756 0.514636 0.376277 0.468517 0.284037 0.237917 0.284037 0.468517 0.468517 0.606876 0.560756 0.376277 0.472347 0.284037 0.197458 0.284037 0.284037 0.422397 0.468517 0.468517 0.468517 0.376277 0.376277 0.330157 0.330157 0.237917 0.330157 0.376277 0.330157 0.468517 0.191797 0.145678 0.376277 0.330157 0.099558 0.145678 0.468517 0.237917 0.099558 0.145678 0.191797 0.053438 0.007318 0.330157 0.330157 0.330157 0.284037 0.053438 0.099558 0.237917 0.284037 0.053438 0.237917 0.099558 0.237917
0.560756 0.560756 0.422397 0.514636 0.652996 0.514636 0.468517 0.468517 0.514636 0.422397 0.560756 0.468517 0.514636 0.514636 0.468517 0.514636 0.560756 0.191797 0.376277 0.376277 0.514636 0.284037 0.330157 0.468517 0.191797 0.191797 0.237917 0.191797 0.422397 0.25627 0.514636 0.247277 0.237917 0.191797 0.284037 0.330157 0.145678 0.145678 0.237917 0.237917 0.330157 0.422397 0.237917 0.191797 0.330157 0.237917 0.376277 0.376277 0.284037 0.053438 0.191797 0.606876 0.237917 0.237917 0.191797 0.284037 0.330157 0.330157 0.376277 0.422397 0.191797 0.422397 0.422397 0.468517 0.284037 0.376277 0.560756 0.745236 0.560756 0.652996 0.422397 0.652996 0.376277
0.422397 0.468517 0.284037 0.422397 0.560756 0.422397 0.284037 0.422397 0.237917 0.237917 0.284037 0.145678 0.237917 0.237917 0.191797 0.330157 0.376277 0.376277 0.376277 0.330157 0.376277 0.191797 0.191797 0.191797 0.330157 0.330157 0.376277 0.376277 0.191797 0.310289 0.330157 0.247277 0.330157 0.237917 0.330157 0.376277 0.237917 0.422397 0.191797 0.099558 0.053438 0.191797 0.145678 0.191797 0.237917 0.145678 0.376277 0.191797 0.145678 0.053438 0.330157 0.237917 0.237917 0.468517 0.330157 0.145678 0.099558 0.237917 0.330157 0.284037 0.376277 0.468517 0.422397 0.422397 0.191797 0.191797 0.468517 0.560756 0.330157 0.514636 0.422397 0.514636 0.145678 0.145678
0.560756 0.606876 0.422397 0.514636 0.606876 0.606876 0.422397 0.606876 0.468517 0.422397 0.468517 0.376277 0.376277 0.376277 0.330157 0.422397 0.422397 0.606876 0.560756 0.468517 0.560756 0.330157 0.376277 0.330157 0.560756 0.514636 0.699116 0.606876 0.422397 0.526366 0.422397 0.247277 0.422397 0.376277 0.560756 0.514636 0.560756 0.606876 0.422397 0.422397 0.422397 0.376277 0.330157 0.422397 0.422397 0.422397 0.606876 0.330157 0.145678 0.422397 0.330157 0.145678 0.237917 0.514636 0.284037 0.145678 0.237917 0.330157 0.145678 0.145678 0.422397 0.376277 0.330157 0.330157 0.191797 0.191797 0.284037 0.376277 0.237917 0.422397 0.284037 0.422397 0.007318 0.468517 0.237917
0.560756 0.560756 0.422397 0.468517 0.560756 0.560756 0.422397 0.560756 0.468517 0.422397 0.514636 0.468517 0.422397 0.422397 0.376277 0.422397 0.422397 0.468517 0.468517 0.468517 0.514636 0.284037 0.376277 0.376277 0.422397 0.376277 0.560756 0.468517 0.468517 0.472347 0.422397 0.297095 0.330157 0.330157 0.468517 0.422397 0.468517 0.468517 0.376277 0.468517 0.422397 0.422397 0.376277 0.422397 0.376277 0.376277 0.606876 0.376277 0.145678 0.145678 0.145678 0.330157 0.099558 0.284037 0.145678 0.007318 0.145678 0.284037 0.053438 0.053438 0.237917 0.284037 0.237917 0.237917 0.053438 0.099558 0.237917 0.468517 0.237917 0.468517 0.145678 0.376277 0.191797 0.237917 0.284037 0.099558
0.510391 0.457213 0.350856 0.404034 0.457213 0.457213 0.297677 0.510391 0.404034 0.297677 0.404034 0.350856 0.350856 0.350856 0.297677 0.297677 0.350856 0.350856 0.350856 0.404034 0.457213 0.19132 0.297677 0.244499 0.404034 0.297677 0.510391 0.404034 0.350856 0.395492 0.350856 0.197884 0.244499 0.244499 0.404034 0.297677 0.404034 0.350856 0.297677 0.350856 0.297677 0.350856 0.350856 0.350856 0.297677 0.297677 0.510391 0.297677 0.19132 0.19132 0.19132 0.244499 0.138142 0.19132 0.084963 0.138142 0.138142 0.297677 0.084963 -0.021394 0.138142 0.244499 0.297677 0.297677 0.138142 0.084963 0.19132 0.350856 0.084963 0.404034 0.297677 0.19132 -0.021394 0.350856 0.297677 -0.021394 0.084963
0.468517 0.514636 0.422397 0.376277 0.514636 0.468517 0.376277 0.514636 0.468517 0.376277 0.422397 0.330157 0.468517 0.468517 0.422397 0.376277 0.330157 0.422397 0.422397 0.330157 0.468517 0.191797 0.376277 0.422397 0.376277 0.422397 0.514636 0.422397 0.422397 0.526366 0.422397 0.197458 0.284037 0.191797 0.376277 0.284037 0.376277 0.468517 0.330157 0.376277 0.376277 0.422397 0.376277 0.330157 0.191797 0.376277 0.606876 0.376277 0.284037 0.422397 0.284037 0.237917 0.191797 0.422397 0.237917 0.284037 0.330157 0.330157 0.284037 0.145678 0.422397 0.191797 0.191797 0.422397 0.237917 0.099558 0.237917 0.191797 0.191797 0.237917 0.376277 0.284037 0.099558 0.468517 0.376277 0.191797 0.284037 0.031785
0.468517 0.514636 0.376277 0.422397 0.560756 0.514636 0.422397 0.514636 0.468517 0.376277 0.468517 0.376277 0.422397 0.422397 0.330157 0.376277 0.330157 0.468517 0.468517 0.376277 0.514636 0.237917 0.376277 0.330157 0.422397 0.422397 0.514636 0.468517 0.330157 0.472347 0.422397 0.297095 0.376277 0.330157 0.468517 0.376277 0.330157 0.514636 0.330157 0.330157 0.284037 0.330157 0.284037 0.284037 0.284037 0.330157 0.514636 0.376277 0.099558 0.237917 0.191797 0.237917 -0.131042 0.237917 0.145678 -0.131042 0.099558 0.007318 0.007318 -0.131042 0.284037 0.237917 0.145678 0.237917 -0.038802 0.007318 0.145678 0.376277 0.099558 0.330157 0.053438 0.145678 0.099558 0.237917 0.237917 0.191797 0.007318 0.084963 0.053438
0.514636 0.514636 0.330157 0.422397 0.514636 0.514636 0.330157 0.468517 0.330157 0.376277 0.468517 0.422397 0.376277 0.376277 0.330157 0.376277 0.376277 0.468517 0.468517 0.330157 0.422397 0.284037 0.237917 0.330157 0.376277 0.330157 0.422397 0.468517 0.376277 0.418328 0.284037 0.197458 0.237917 0.237917 0.330157 0.330157 0.330157 0.376277 0.330157 0.330157 0.284037 0.376277 0.237917 0.237917 0.284037 0.284037 0.376277 0.191797 0.145678 0.284037 0.284037 0.237917 0.145678 0.330157 0.145678 0.053438 0.053438 0.191797 0.099558 0.099558 0.376277 0.284037 0.284037 0.237917 0.053438 0.007318 0.237917 0.330157 0.191797 0.422397 0.191797 0.330157 0.053438 0.284037 0.237917 0.145678 0.099558 0.084963 -0.038802 -0.038802
0.606876 0.606876 0.468517 0.514636 0.606876 0.606876 0.422397 0.560756 0.422397 0.468517 0.560756 0.514636 0.468517 0.468517 0.422397 0.468517 0.468517 0.560756 0.560756 0.468517 0.514636 0.376277 0.376277 0.422397 0.468517 0.468517 0.514636 0.560756 0.468517 0.526366 0.422397 0.346913 0.376277 0.376277 0.468517 0.422397 0.422397 0.560756 0.422397 0.422397 0.376277 0.468517 0.376277 0.422397 0.376277 0.376277 0.560756 0.376277 0.145678 0.284037 0.284037 0.284037 0.053438 0.284037 0.145678 0.007318 0.053438 0.145678 0.053438 -0.038802 0.330157 0.284037 0.284037 0.237917 0.053438 0.007318 0.145678 0.376277 0.191797 0.468517 0.237917 0.191797 0.099558 0.330157 0.284037 0.053438 0.053438 -0.021394 0.145678 0.007318 -0.084922
0.422397 0.468517 0.284037 0.422397 0.514636 0.468517 0.237917 0.468517 0.330157 0.284037 0.330157 0.237917 0.237917 0.237917 0.191797 0.330157 0.376277 0.468517 0.422397 0.376277 0.422397 0.237917 0.237917 0.191797 0.422397 0.376277 0.514636 0.468517 0.284037 0.364308 0.330157 0.247277 0.376277 0.284037 0.422397 0.376277 0.422397 0.468517 0.284037 0.330157 0.284037 0.237917 0.191797 0.284037 0.284037 0.284037 0.514636 0.145678 0.191797 0.376277 0.330157 0.099558 0.145678 0.376277 0.330157 0.007318 0.145678 0.237917 0.099558 -0.038802 0.284037 0.376277 0.284037 0.284037 0.099558 0.099558 0.237917 0.376277 0.145678 0.284037 0.191797 0.284037 0.007318 0.376277 0.145678 0.099558 0.099558 -0.021394 0.191797 0.099558 0.099558 0.007318 0