0
0.199067
0.0992 -0.125265
0.199067 0.108944 0.062102
0.149134 -0.031582 -0.031582 0.062102
0.0992 0.01526 0.01526 0.062102 0.01526
0.049267 0.01526 0.01526 -0.078424 -0.125265 -0.078424
0.199067 0.062102 0.062102 0.155786 0.24947 -0.031582 0.155786
0.149134 -0.078424 0.01526 0.01526 0.108944 -0.125265 0.01526 0.202628
0.298934 0.062102 0.108944 0.202628 -0.078424 -0.031582 -0.172107 0.202628 0.062102
0.393211 0.272836 0.328039 -0.05838 0.383241 0.052026 0.052026 0.052026 0.217634 0.328039
-0.000666 0.01526 0.155786 0.202628 0.108944 0.01526 0.062102 0.155786 0.01526 0.296312 0.383241
0.0992 0.062102 0.155786 0.01526 -0.031582 -0.078424 -0.125265 0.24947 -0.125265 -0.031582 0.272836 0.01526
0.298934 0.24947 0.296312 0.155786 0.202628 0.01526 0.01526 0.483679 0.062102 0.155786 0.217634 0.202628 0.062102
0.155021 -0.05838 0.052026 0.052026 0.052026 -0.113582 -0.003177 0.052026 -0.003177 0.162431 0.107228 0.107228 0.107228 -0.05838
0.149134 0.01526 -0.031582 -0.031582 -0.031582 -0.172107 -0.078424 0.062102 -0.078424 0.01526 0.107228 0.108944 -0.031582 -0.031582 -0.223987
0.0992 0.24947 0.24947 0.24947 0.202628 -0.031582 0.108944 0.296312 0.108944 0.202628 0.328039 0.155786 0.062102 0.108944 0.162431 0.062102
0.0992 0.108944 0.01526 0.01526 0.108944 -0.078424 0.01526 0.155786 0.062102 0.202628 0.217634 0.108944 0.062102 0.01526 0.052026 -0.078424 0.062102
0.0992 0.062102 -0.031582 0.202628 -0.125265 0.01526 -0.078424 0.296312 0.202628 0.108944 0.383241 0.202628 0.062102 0.155786 0.052026 -0.031582 0.155786 -0.031582
0.0992 0.108944 -0.031582 -0.031582 0.062102 -0.078424 0.01526 0.155786 0.01526 0.202628 0.217634 0.155786 0.062102 0.01526 0.052026 -0.078424 0.062102 -0.312633 -0.078424
0.0992 0.062102 0.108944 0.062102 0.108944 -0.031582 -0.078424 0.155786 0.01526 0.155786 0.162431 -0.078424 -0.031582 -0.031582 -0.113582 -0.078424 0.108944 -0.078424 0.01526 0.01526
0.049267 0.062102 0.062102 0.202628 -0.031582 -0.078424 -0.125265 0.202628 0.155786 0.062102 0.217634 0.062102 0.062102 0.062102 -0.003177 -0.031582 0.108944 0.01526 -0.125265 0.01526 -0.031582
0.049267 0.062102 0.062102 0.062102 0.01526 -0.265791 -0.125265 0.01526 -0.031582 0.108944 0.107228 -0.031582 -0.078424 0.108944 0.052026 -0.078424 0.01526 -0.031582 0.062102 -0.031582 0.01526 -0.172107
0.0992 0.01526 0.062102 0.108944 -0.078424 -0.078424 -0.125265 0.24947 0.01526 -0.031582 0.217634 0.01526 -0.125265 0.062102 -0.003177 -0.078424 -0.031582 -0.031582 -0.125265 -0.031582 -0.078424 -0.172107 -0.078424
0.348867 0.01526 0.108944 0.24947 0.01526 0.062102 0.062102 0.01526 0.24947 0.062102 0.272836 0.202628 0.24947 0.343153 -0.05838 0.062102 0.296312 0.24947 0.155786 0.24947 0.108944 0.108944 0.062102 0.108944
0.199067 0.01526 0.01526 0.108944 -0.125265 -0.031582 -0.078424 0.062102 0.108944 0.01526 0.162431 0.062102 0.062102 0.108944 -0.168785 -0.078424 0.155786 0.108944 0.01526 0.108944 -0.031582 -0.031582 0.062102 -0.078424 0.01526
0.0992 0.062102 -0.078424 -0.031582 0.01526 -0.172107 -0.031582 0.108944 -0.078424 0.108944 0.162431 0.062102 -0.031582 -0.031582 -0.168785 -0.218949 0.01526 -0.078424 0.01526 -0.125265 -0.078424 -0.078424 -0.078424 -0.125265 0.108944 -0.078424
0.337504 0.109821 0.165259 0.165259 0.054383 -0.001056 0.165259 0.276136 0.220697 0.331574 0.243005 0.276136 0.220697 0.276136 0.040367 0.109821 0.220697 0.109821 0.109821 0.109821 0.165259 0.165259 -0.001056 0.165259 0.165259 0.165259 0.109821
0.448734 0.062102 0.202628 0.155786 0.108944 0.01526 0.155786 0.296312 0.108944 0.296312 0.272836 0.296312 0.24947 0.202628 -0.05838 0.062102 0.343153 0.155786 0.155786 0.155786 0.202628 0.202628 0.062102 0.202628 0.202628 0.108944 0.155786 -0.333686
0.348867 0.01526 0.155786 0.108944 0.062102 -0.031582 0.108944 0.296312 0.062102 0.296312 0.272836 0.202628 0.155786 0.108944 -0.05838 0.01526 0.24947 0.062102 0.062102 0.062102 0.108944 0.108944 0.01526 0.108944 0.202628 0.062102 0.062102 -0.333686 -0.312633
0.398801 0.062102 0.202628 0.155786 0.062102 -0.031582 0.108944 0.24947 0.062102 0.24947 0.272836 0.202628 0.202628 0.108944 -0.05838 0.01526 0.24947 0.155786 0.155786 0.155786 0.155786 0.108944 0.01526 0.108944 0.155786 -0.031582 0.062102 -0.167371 -0.312633 -0.312633
0.448734 0.155786 0.296312 0.24947 0.202628 0.062102 0.24947 0.483679 0.202628 0.483679 0.383241 0.296312 0.24947 0.155786 -0.003177 0.108944 0.202628 0.108944 0.108944 0.108944 0.155786 0.155786 0.155786 0.155786 0.389995 0.202628 0.108944 -0.333686 -0.218949 -0.265791 -0.078424
0.199067 0.296312 0.24947 0.296312 0.155786 0.202628 0.155786 0.24947 0.389995 0.343153 0.438444 0.436837 0.108944 0.436837 0.328039 0.24947 0.24947 0.24947 0.062102 0.24947 0.24947 0.108944 0.155786 0.108944 0.343153 0.155786 0.24947 -0.001056 0.062102 0.062102 0.01526 0.108944
0.348867 0.108944 0.202628 0.155786 0.155786 -0.078424 0.062102 0.296312 -0.031582 0.202628 0.217634 0.202628 0.062102 -0.031582 -0.05838 -0.031582 0.155786 0.062102 0.108944 0.062102 0.062102 0.062102 -0.031582 0.01526 0.202628 0.01526 -0.031582 -0.111932 -0.125265 -0.265791 -0.312633 -0.031582 0.108944
0.298934 0.062102 0.202628 0.108944 0.108944 -0.031582 0.108944 0.202628 0.062102 0.296312 0.217634 0.202628 0.062102 0.108944 -0.05838 0.01526 0.155786 0.108944 0.108944 0.108944 0.108944 0.062102 0.01526 0.062102 0.202628 0.01526 0.01526 -0.278247 -0.218949 -0.359475 -0.312633 -0.265791 -0.172107 -0.312633
0.337504 0.165259 0.220697 0.276136 0.054383 -0.001056 0.165259 0.387012 0.220697 0.387012 0.378097 0.165259 0.220697 0.165259 0.107913 0.109821 0.165259 0.109821 0.109821 0.109821 0.109821 0.054383 -0.001056 0.054383 0.220697 0.054383 -0.001056 -0.222809 -0.056494 -0.278247 -0.167371 -0.222809 0.109821 -0.167371 -0.278247
0.337504 0.165259 0.109821 0.276136 0.109821 -0.001056 0.165259 0.387012 0.220697 0.387012 0.310551 0.220697 0.220697 0.109821 0.040367 0.109821 0.220697 -0.001056 -0.001056 -0.001056 0.109821 0.054383 -0.001056 0.054383 0.220697 0.109821 -0.001056 -0.222809 -0.167371 -0.167371 -0.111932 -0.222809 0.109821 -0.278247 -0.167371 -0.167371
0.337504 0.109821 0.109821 0.109821 0.054383 -0.056494 0.054383 0.165259 0.165259 0.220697 0.107913 0.276136 0.276136 0.220697 -0.094725 -0.001056 0.276136 0.109821 0.165259 0.109821 0.109821 0.109821 -0.056494 0.109821 0.054383 -0.001056 -0.001056 -0.278247 -0.333686 -0.222809 -0.278247 -0.167371 0.054383 -0.222809 -0.222809 -0.111932 -0.222809
0.397326 0.331574 0.276136 0.165259 0.331574 0.220697 0.165259 0.331574 0.331574 0.442451 0.175459 0.387012 0.387012 0.054383 -0.094725 0.054383 0.497889 0.276136 0.387012 0.276136 -0.001056 0.220697 0.276136 0.331574 0.442451 0.054383 0.054383 0.109821 0.109821 0.054383 0.054383 0.165259 0.331574 0.054383 -0.001056 0.220697 0.220697 0.054383
0.398801 0.296312 0.436837 0.24947 0.343153 0.108944 0.24947 0.343153 0.155786 0.343153 0.272836 0.436837 0.202628 0.24947 0.107228 0.155786 0.24947 0.343153 0.389995 0.343153 0.296312 0.296312 0.155786 0.24947 0.343153 0.202628 0.202628 -0.056494 -0.078424 -0.031582 -0.078424 0.01526 0.062102 -0.078424 -0.172107 0.165259 0.054383 -0.111932 0.220697
0.249001 0.108944 0.062102 0.108944 0.108944 -0.031582 0.062102 0.202628 0.155786 0.296312 0.162431 0.202628 0.202628 0.108944 -0.05838 0.01526 0.155786 0.01526 0.062102 0.01526 0.108944 0.062102 -0.031582 0.062102 0.155786 0.01526 -0.031582 -0.278247 -0.218949 -0.218949 -0.218949 -0.218949 0.01526 -0.265791 -0.265791 -0.167371 -0.389124 -0.444562 0.054383 -0.078424
0.298934 0.155786 0.155786 0.202628 0.155786 0.01526 0.155786 0.202628 0.202628 0.343153 0.272836 0.24947 0.155786 0.202628 0.052026 0.108944 0.202628 0.108944 0.108944 0.108944 0.202628 0.108944 0.01526 0.108944 0.202628 0.108944 0.062102 -0.333686 -0.172107 -0.218949 -0.218949 -0.078424 -0.078424 -0.312633 -0.312633 -0.167371 -0.389124 -0.333686 0.109821 -0.078424 -0.359475
0.498668 0.155786 0.296312 0.24947 0.155786 0.108944 0.24947 0.436837 0.202628 0.436837 0.383241 0.296312 0.296312 0.202628 0.052026 0.155786 0.24947 0.202628 0.202628 0.202628 0.24947 0.24947 0.155786 0.24947 0.343153 0.155786 0.202628 -0.333686 -0.265791 -0.265791 -0.172107 -0.406317 0.108944 -0.031582 -0.265791 -0.222809 -0.167371 -0.222809 0.165259 -0.031582 -0.218949 -0.078424
0.249001 0.01526 0.062102 0.108944 0.01526 -0.078424 0.062102 0.202628 0.108944 0.24947 0.272836 0.155786 0.155786 0.155786 -0.003177 0.01526 0.108944 0.01526 0.01526 0.01526 0.108944 0.062102 -0.078424 0.062102 0.108944 0.062102 0.01526 -0.389124 -0.312633 -0.359475 -0.265791 -0.312633 -0.078424 -0.125265 -0.312633 -0.333686 -0.222809 -0.278247 0.109821 0.01526 -0.265791 -0.172107 -0.312633
0.498668 0.296312 0.296312 0.296312 0.202628 0.202628 0.24947 0.436837 0.343153 0.483679 0.383241 0.343153 0.389995 0.202628 0.162431 0.202628 0.296312 0.202628 0.24947 0.202628 0.296312 0.24947 0.202628 0.24947 0.389995 0.108944 0.202628 -0.001056 -0.031582 -0.031582 -0.172107 -0.031582 0.202628 0.01526 -0.031582 -0.001056 -0.111932 -0.167371 0.276136 0.062102 -0.218949 -0.031582 -0.125265 -0.031582
0.548601 0.296312 0.436837 0.296312 0.24947 0.155786 0.296312 0.483679 0.202628 0.436837 0.383241 0.343153 0.24947 0.155786 0.162431 0.202628 0.202628 0.296312 0.343153 0.296312 0.296312 0.343153 0.202628 0.296312 0.436837 0.202628 0.24947 -0.111932 -0.125265 -0.078424 -0.172107 -0.125265 0.202628 0.01526 -0.125265 -0.056494 0.054383 -0.001056 0.331574 -0.125265 -0.031582 0.01526 -0.218949 -0.078424 -0.218949
0.548601 0.296312 0.389995 0.389995 0.24947 0.155786 0.296312 0.483679 0.24947 0.483679 0.438444 0.296312 0.343153 0.155786 0.107228 0.202628 0.296312 0.296312 0.296312 0.296312 0.296312 0.202628 0.202628 0.202628 0.389995 0.062102 0.155786 0.054383 -0.031582 -0.031582 -0.265791 -0.031582 0.202628 -0.218949 -0.172107 -0.056494 -0.167371 -0.111932 0.276136 -0.031582 -0.218949 -0.172107 -0.125265 0.01526 -0.265791 -0.172107
0.548601 0.24947 0.343153 0.343153 0.155786 0.202628 0.296312 0.483679 0.343153 0.483679 0.548849 0.343153 0.389995 0.296312 0.272836 0.24947 0.24947 0.24947 0.24947 0.24947 0.343153 0.296312 0.202628 0.296312 0.389995 0.202628 0.296312 -0.111932 -0.031582 -0.125265 -0.172107 -0.172107 0.155786 0.108944 -0.125265 -0.167371 0.054383 -0.001056 0.331574 0.202628 -0.031582 0.108944 -0.265791 -0.218949 -0.218949 -0.265791 -0.078424
0.298934 0.202628 0.343153 0.24947 0.296312 0.108944 0.296312 0.24947 0.202628 0.436837 0.328039 0.343153 0.155786 0.296312 0.052026 0.155786 0.296312 0.24947 0.24947 0.24947 0.24947 0.202628 0.24947 0.202628 0.389995 0.202628 0.155786 -0.111932 -0.125265 -0.031582 -0.031582 -0.031582 -0.078424 0.01526 -0.218949 0.109821 -0.001056 -0.056494 0.220697 -0.078424 -0.031582 -0.172107 0.01526 0.01526 0.155786 0.01526 0.062102 0.24947
0.298934 0.108944 0.202628 0.062102 0.155786 0.062102 0.155786 0.24947 0.108944 0.389995 0.217634 0.296312 0.155786 0.155786 -0.003177 0.062102 0.296312 0.108944 0.155786 0.108944 0.155786 0.202628 0.108944 0.202628 0.296312 0.108944 0.108944 -0.278247 -0.218949 -0.312633 -0.125265 -0.172107 0.01526 -0.031582 -0.265791 -0.111932 -0.056494 -0.167371 -0.001056 -0.031582 -0.125265 -0.125265 -0.172107 -0.218949 0.01526 -0.031582 0.108944 0.01526 -0.125265
0.049267 0.108944 0.01526 0.343153 0.24947 -0.031582 0.108944 0.202628 0.155786 0.24947 0.438444 0.01526 0.24947 0.202628 0.162431 0.108944 0.155786 0.108944 0.155786 0.108944 0.108944 -0.031582 0.062102 0.062102 0.24947 0.202628 -0.031582 0.276136 0.389995 0.296312 0.296312 0.343153 0.389995 0.24947 0.24947 0.165259 0.165259 0.220697 0.331574 0.483679 0.155786 0.202628 0.436837 0.155786 0.436837 0.530521 0.389995 0.483679 0.343153 0.389995
0.298934 0.296312 0.296312 0.24947 0.155786 0.062102 0.062102 0.389995 0.155786 0.202628 0.328039 0.296312 0.062102 0.01526 0.272836 0.01526 0.01526 0.062102 0.155786 0.062102 0.108944 0.108944 0.01526 0.062102 0.343153 0.24947 0.108944 0.220697 0.296312 0.155786 0.202628 0.296312 0.24947 -0.031582 0.108944 0.220697 0.109821 0.276136 0.331574 0.24947 0.108944 0.062102 0.343153 0.155786 0.343153 0.296312 0.296312 0.389995 0.343153 0.24947 0.24947
0.298934 0.108944 0.155786 0.062102 0.108944 0.01526 0.108944 0.24947 0.202628 0.343153 0.217634 0.296312 0.202628 0.155786 -0.003177 0.01526 0.202628 -0.031582 0.062102 -0.031582 0.108944 0.108944 0.062102 0.108944 0.24947 0.108944 0.062102 -0.167371 -0.125265 -0.172107 -0.031582 -0.031582 0.108944 0.062102 -0.078424 0.054383 0.054383 -0.056494 -0.001056 0.108944 -0.031582 0.01526 0.01526 -0.125265 0.108944 0.108944 0.24947 0.108944 0.01526 -0.172107 0.296312 0.202628
0.298934 0.049267 0.149134 -0.000666 -0.000666 -0.150467 -0.0506 -0.000666 0.049267 -0.000666 -0.023621 0.298934 0.049267 0.049267 -0.083169 -0.150467 0.149134 0.0992 0.149134 0.0992 0.0992 0.049267 -0.150467 0.049267 0.049267 -0.000666 -0.000666 0.038395 -0.000666 -0.000666 -0.0506 0.199067 0.049267 -0.0506 -0.0506 0.158039 0.158039 -0.081248 0.098217 -0.100533 -0.000666 0.049267 0.149134 -0.000666 0.199067 0.149134 0.199067 0.249001 0.049267 -0.000666 0.348867 -0.000666 -0.000666
0.285296 0.185508 0.185508 0.332403 0.136543 0.087578 0.185508 0.234473 0.283438 0.332403 0.314452 0.234473 0.332403 0.283438 0.198102 0.038613 0.234473 0.087578 0.136543 0.087578 0.185508 0.087578 0.185508 0.087578 0.381368 0.185508 0.136543 0.434991 0.430333 0.283438 0.332403 0.381368 0.479297 0.283438 0.332403 0.318117 0.25968 0.376554 0.551865 0.528262 0.234473 0.332403 0.430333 0.283438 0.185508 0.381368 0.332403 0.332403 0.430333 0.332403 0.234473 0.136543 0.185508 0.128237
0.298934 0.049267 0.199067 0.0992 0.249001 -0.000666 0.0992 0.149134 -0.0506 0.149134 0.155021 0.249001 0.149134 0.199067 -0.023621 -0.000666 0.249001 0.199067 0.298934 0.199067 0.149134 0.249001 0.149134 0.199067 0.249001 0.0992 0.0992 0.21786 0.0992 0.0992 0.049267 0.298934 0.249001 0.049267 0.049267 0.337504 0.337504 0.098217 0.21786 -0.000666 0.149134 0.199067 0.249001 0.149134 0.348867 0.249001 0.298934 0.398801 0.049267 0.0992 0.348867 0.298934 0.049267 -0.000666 0.18059
0.249001 0.343153 0.343153 0.296312 0.24947 0.062102 0.202628 0.202628 0.296312 0.343153 0.383241 0.343153 0.108944 0.24947 0.272836 0.155786 0.01526 0.202628 0.24947 0.202628 0.24947 0.202628 0.062102 0.155786 0.296312 0.24947 0.155786 0.165259 0.24947 0.202628 0.155786 0.343153 0.01526 0.108944 0.01526 0.220697 0.276136 0.220697 0.442451 0.202628 0.155786 -0.031582 0.343153 0.155786 0.296312 0.202628 0.296312 0.343153 0.01526 0.155786 0.296312 0.108944 0.108944 -0.000666 0.332403 0.0992
0.298934 0.155786 0.202628 0.108944 0.24947 0.01526 0.108944 0.24947 0.01526 0.24947 0.162431 0.24947 0.108944 0.062102 -0.003177 0.01526 0.202628 0.108944 0.202628 0.108944 0.108944 0.202628 0.108944 0.108944 0.296312 0.108944 0.062102 0.109821 0.108944 0.062102 0.062102 0.202628 0.296312 -0.031582 0.01526 0.165259 0.054383 0.054383 0.109821 0.108944 0.062102 0.108944 0.202628 0.108944 0.24947 0.202628 0.202628 0.343153 0.155786 0.062102 0.343153 0.155786 0.062102 -0.0506 0.185508 -0.100533 0.155786
0.249001 0.296312 0.296312 0.202628 0.296312 0.155786 0.202628 0.155786 0.389995 0.436837 0.272836 0.436837 0.296312 0.389995 0.217634 0.108944 0.296312 0.202628 0.24947 0.202628 0.24947 0.24947 0.202628 0.24947 0.389995 0.24947 0.202628 0.331574 0.389995 0.296312 0.343153 0.436837 0.202628 0.343153 0.202628 0.442451 0.442451 0.276136 0.331574 0.296312 0.24947 0.24947 0.483679 0.296312 0.343153 0.483679 0.530521 0.530521 0.202628 0.155786 0.389995 0.24947 0.108944 -0.000666 0.136543 0.149134 0.108944 0.24947
0.298934 0.296312 0.343153 0.24947 0.155786 0.01526 0.155786 0.296312 0.296312 0.296312 0.383241 0.389995 0.062102 0.155786 0.162431 0.01526 0.062102 0.108944 0.108944 0.108944 0.155786 0.062102 0.062102 0.01526 0.296312 0.24947 0.062102 0.165259 0.343153 0.24947 0.296312 0.24947 0.108944 0.202628 0.108944 0.276136 0.276136 0.331574 0.387012 0.24947 0.24947 0.155786 0.389995 0.202628 0.436837 0.343153 0.436837 0.436837 0.108944 0.202628 0.296312 0.01526 0.062102 -0.0506 0.185508 0.298934 -0.078424 0.24947 0.01526
0.0992 -0.078424 0.01526 0.01526 0.01526 -0.078424 -0.031582 0.062102 0.01526 0.155786 0.162431 0.01526 0.062102 0.155786 -0.05838 -0.031582 0.108944 0.01526 0.062102 0.01526 0.01526 0.062102 -0.078424 0.01526 0.108944 0.01526 -0.031582 -0.056494 -0.031582 -0.078424 -0.031582 -0.031582 0.155786 0.01526 -0.078424 -0.001056 -0.001056 -0.111932 0.109821 0.155786 -0.125265 0.01526 -0.031582 -0.172107 0.108944 0.155786 0.155786 0.062102 0.155786 -0.031582 0.108944 0.202628 -0.031582 -0.0506 0.087578 -0.000666 0.155786 0.01526 0.155786 0.202628
0.249001 0.202628 0.155786 0.202628 0.155786 0.108944 0.155786 0.296312 0.296312 0.389995 0.328039 0.296312 0.24947 0.24947 0.162431 0.062102 0.202628 0.01526 0.062102 0.01526 0.155786 0.108944 0.155786 0.108944 0.343153 0.202628 0.108944 0.109821 0.24947 0.062102 0.24947 0.202628 0.24947 0.202628 0.155786 0.165259 0.054383 0.165259 0.276136 0.296312 0.108944 0.155786 0.296312 0.108944 0.155786 0.389995 0.389995 0.343153 0.24947 0.062102 0.24947 0.108944 -0.031582 0.049267 -0.010352 0.298934 0.202628 0.155786 0.01526 0.108944 0.01526
0.298934 0.389995 0.389995 0.155786 0.343153 0.202628 0.202628 0.389995 0.296312 0.530521 0.272836 0.343153 0.155786 0.155786 0.272836 0.202628 0.202628 0.202628 0.296312 0.202628 0.202628 0.296312 0.155786 0.202628 0.530521 0.202628 0.155786 0.276136 0.389995 0.296312 0.24947 0.296312 0.24947 0.155786 0.108944 0.276136 0.220697 0.276136 0.165259 0.202628 0.108944 0.202628 0.296312 0.24947 0.155786 0.24947 0.202628 0.343153 0.296312 0.202628 0.483679 0.202628 0.108944 0.049267 0.332403 0.199067 0.202628 0.155786 0.062102 0.108944 0.062102 0.202628
0.298934 0.343153 0.483679 0.155786 0.436837 0.296312 0.202628 0.436837 0.202628 0.436837 0.328039 0.343153 0.062102 0.296312 0.383241 0.24947 0.296312 0.296312 0.436837 0.296312 0.202628 0.436837 0.24947 0.24947 0.624205 0.389995 0.24947 0.497889 0.483679 0.436837 0.436837 0.530521 0.436837 0.343153 0.343153 0.553327 0.553327 0.497889 0.442451 0.389995 0.389995 0.436837 0.577363 0.389995 0.577363 0.483679 0.624205 0.671047 0.436837 0.343153 0.577363 0.296312 0.24947 0.149134 0.332403 0.0992 0.389995 0.24947 0.24947 0.296312 0.202628 0.389995 0.01526
0.149134 0.0992 0.0992 0.0992 0.149134 -0.150467 0.049267 0.199067 -0.0506 0.199067 0.214568 0.0992 -0.0506 -0.000666 -0.023621 -0.100533 -0.000666 -0.100533 -0.0506 -0.100533 -0.000666 -0.000666 -0.0506 -0.0506 0.249001 0.0992 -0.100533 0.098217 0.149134 0.049267 0.0992 0.0992 0.0992 -0.0506 -0.000666 0.098217 -0.021427 0.158039 0.277682 0.049267 0.049267 0.049267 0.199067 0.049267 0.249001 0.199067 0.199067 0.298934 -0.000666 0.0992 0.0992 -0.000666 0.049267 0.049267 0.075884 0.049267 -0.0506 -0.0506 0.049267 -0.150467 -0.0506 0.049267 -0.000666 0.0992
0.249001 -0.000666 0.249001 0.049267 0.0992 -0.100533 -0.000666 0.249001 -0.100533 0.199067 0.155021 0.0992 -0.100533 -0.000666 -0.083169 -0.0506 0.0992 0.0992 0.149134 0.0992 -0.0506 0.0992 -0.100533 -0.000666 0.0992 0.049267 -0.000666 -0.021427 -0.0506 -0.150467 -0.100533 0.049267 0.049267 -0.150467 -0.150467 0.038395 0.038395 -0.021427 0.098217 -0.2004 -0.000666 -0.000666 0.049267 -0.0506 0.149134 0.049267 0.0992 0.199067 -0.0506 -0.100533 0.298934 0.049267 -0.0506 -0.100533 0.232943 -0.100533 -0.100533 -0.100533 0.0992 -0.000666 -0.100533 0.0992 0.049267 0.0992 -0.100533
0.199067 0.24947 0.202628 0.202628 0.24947 0.062102 0.062102 0.24947 0.202628 0.24947 0.272836 0.24947 0.155786 0.108944 0.107228 0.01526 0.108944 0.062102 0.155786 0.062102 0.01526 0.062102 0.108944 0.062102 0.343153 0.155786 0.01526 0.276136 0.343153 0.202628 0.296312 0.296312 0.296312 0.202628 0.202628 0.276136 0.276136 0.276136 0.165259 0.296312 0.202628 0.24947 0.389995 0.202628 0.24947 0.389995 0.436837 0.436837 0.296312 0.202628 0.155786 0.108944 0.062102 0.149134 0.087578 0.149134 0.062102 0.108944 0.062102 0.062102 0.062102 -0.031582 0.108944 0.202628 -0.0506 0.049267
0.298934 0.199067 0.249001 0.0992 0.298934 -0.0506 0.0992 0.298934 -0.0506 0.249001 0.035926 0.249001 -0.000666 -0.0506 0.035926 -0.000666 0.0992 0.049267 0.199067 0.049267 0.049267 0.149134 0.049267 0.0992 0.398801 0.149134 -0.000666 0.21786 0.199067 0.0992 0.149134 0.199067 0.249001 -0.0506 0.049267 0.21786 0.098217 0.21786 0.21786 0.049267 0.0992 0.149134 0.249001 0.149134 0.298934 0.199067 0.249001 0.398801 0.0992 0.0992 0.348867 0.049267 0.0992 -0.000666 0.232943 -0.000666 0.0992 -0.150467 0.199067 0.0992 0.049267 0.199067 -0.000666 0.0992 -0.100533 -0.0506 0.049267
0.149134 0.202628 0.24947 0.155786 0.24947 0.155786 0.155786 0.296312 0.202628 0.436837 0.272836 0.202628 0.108944 0.24947 0.162431 0.155786 0.155786 0.155786 0.202628 0.155786 0.155786 0.202628 0.155786 0.155786 0.389995 0.202628 0.155786 0.220697 0.296312 0.155786 0.202628 0.202628 0.202628 0.062102 0.01526 0.276136 0.165259 0.276136 0.276136 0.202628 0.062102 0.062102 0.24947 0.155786 0.296312 0.296312 0.24947 0.343153 0.202628 0.155786 0.343153 0.155786 0.155786 0.049267 0.234473 0.049267 0.108944 -0.031582 0.202628 0.202628 -0.078424 0.01526 0.01526 0.202628 -0.0506 -0.0506 0.155786 -0.000666
0.298934 0.01526 0.202628 0.155786 0.062102 -0.172107 0.01526 0.108944 0.01526 0.062102 0.052026 0.202628 0.062102 0.01526 -0.113582 -0.125265 0.062102 0.01526 0.062102 0.01526 0.01526 -0.031582 -0.125265 -0.031582 0.155786 0.01526 -0.031582 0.054383 0.01526 -0.031582 -0.031582 0.062102 0.202628 -0.078424 -0.031582 0.054383 0.054383 -0.001056 0.220697 0.108944 0.01526 0.062102 0.108944 -0.031582 0.202628 0.155786 0.155786 0.202628 0.155786 0.062102 0.202628 -0.031582 0.01526 -0.300267 -0.010352 0.0992 0.108944 0.062102 0.202628 0.01526 -0.078424 0.062102 0.24947 0.24947 -0.0506 -0.100533 0.108944 -0.000666 0.202628
0.199067 0.062102 0.062102 0.108944 0.155786 -0.125265 0.01526 0.155786 -0.172107 0.01526 0.217634 0.108944 -0.031582 0.062102 0.052026 -0.078424 0.062102 -0.078424 0.108944 -0.078424 0.062102 0.108944 -0.031582 -0.031582 0.202628 0.108944 -0.031582 0.220697 0.155786 0.062102 0.108944 0.24947 0.343153 -0.031582 0.108944 0.220697 0.109821 0.165259 0.387012 0.155786 0.108944 0.155786 0.24947 0.108944 0.24947 0.24947 0.24947 0.343153 0.24947 0.155786 0.155786 0.062102 0.062102 0.049267 0.087578 -0.000666 0.24947 -0.078424 0.296312 0.24947 0.062102 0.108944 0.296312 0.296312 -0.150467 -0.0506 0.062102 -0.100533 0.202628 0.01526
0.199067 0.108944 0.24947 0.155786 0.062102 0.01526 0.062102 0.343153 0.062102 0.296312 0.272836 0.108944 -0.031582 -0.031582 0.107228 0.062102 0.01526 0.062102 0.01526 0.062102 0.062102 0.108944 -0.031582 0.01526 0.296312 0.108944 0.062102 0.054383 0.155786 0.062102 0.062102 0.062102 0.155786 -0.031582 -0.031582 0.054383 -0.001056 0.165259 0.220697 0.108944 0.01526 0.062102 0.062102 0.01526 0.108944 0.062102 0.062102 0.108944 0.202628 0.108944 0.296312 0.01526 0.062102 0.049267 0.234473 0.199067 0.108944 0.062102 0.24947 0.062102 0.01526 0.155786 -0.078424 0.155786 -0.100533 -0.100533 0.155786 -0.000666 0.01526 0.01526 0.062102
0.249001 0.108944 0.202628 0.202628 0.108944 -0.078424 0.062102 0.24947 0.01526 0.155786 0.272836 0.01526 0.108944 0.062102 -0.003177 -0.031582 0.062102 -0.031582 0.108944 0.062102 -0.172107 0.01526 -0.031582 0.01526 0.108944 0.062102 0.01526 0.109821 0.108944 0.062102 -0.031582 0.155786 0.296312 0.01526 0.062102 0.054383 0.109821 0.054383 0.276136 0.202628 0.108944 0.155786 0.155786 0.062102 0.108944 0.062102 0.108944 0.108944 0.202628 0.155786 0.202628 0.155786 0.108944 0.049267 0.185508 0.0992 0.155786 0.108944 0.296312 0.155786 0.062102 0.202628 0.296312 0.389995 -0.000666 -0.0506 0.155786 0.0992 0.24947 -0.031582 0.01526 0.062102
0.348867 0.155786 0.202628 0.01526 0.108944 -0.125265 -0.031582 0.062102 0.01526 0.01526 -0.003177 0.343153 -0.031582 0.01526 -0.003177 -0.078424 0.108944 0.108944 0.202628 0.108944 0.108944 0.108944 -0.125265 0.062102 0.108944 0.062102 0.01526 0.109821 0.062102 0.062102 0.01526 0.24947 0.108944 -0.031582 -0.031582 0.220697 0.220697 -0.001056 0.165259 0.01526 0.062102 0.062102 0.202628 0.062102 0.24947 0.155786 0.24947 0.296312 0.108944 0.01526 0.389995 0.062102 0.062102 -0.300267 0.332403 -0.000666 0.01526 0.01526 0.108944 0.01526 0.062102 0.24947 0.108944 0.202628 0.049267 -0.100533 0.155786 -0.0506 0.202628 -0.078424 0.01526 0.062102 0.01526
0.149134 0.108944 0.108944 0.062102 0.108944 -0.078424 -0.078424 0.202628 -0.078424 0.01526 0.107228 0.202628 -0.031582 -0.031582 -0.003177 -0.078424 0.062102 -0.031582 0.062102 -0.031582 -0.031582 0.062102 -0.031582 -0.031582 0.202628 0.01526 -0.031582 0.165259 0.062102 0.062102 0.01526 0.202628 0.155786 -0.031582 0.062102 0.165259 0.165259 0.054383 0.220697 0.155786 0.062102 0.155786 0.202628 0.01526 0.24947 0.202628 0.24947 0.296312 0.24947 0.108944 0.24947 0.062102 0.108944 -0.0506 0.234473 -0.000666 0.202628 0.01526 0.24947 0.202628 0.01526 0.202628 0.202628 0.155786 -0.000666 -0.0506 0.108944 -0.0506 0.202628 -0.031582 -0.078424 0.062102 -0.031582 -0.078424
0.298934 0.296312 0.343153 0.108944 0.483679 0.155786 0.24947 0.296312 0.202628 0.483679 0.107228 0.483679 0.296312 0.24947 0.162431 0.202628 0.389995 0.296312 0.483679 0.296312 0.296312 0.436837 0.24947 0.389995 0.530521 0.296312 0.24947 0.387012 0.296312 0.296312 0.24947 0.436837 0.389995 0.24947 0.202628 0.497889 0.497889 0.331574 0.276136 0.24947 0.296312 0.343153 0.436837 0.296312 0.483679 0.389995 0.483679 0.577363 0.296312 0.202628 0.483679 0.389995 0.24947 -0.0506 0.528262 0.049267 0.389995 0.155786 0.062102 0.296312 0.24947 0.389995 0.155786 0.155786 0.149134 0.049267 0.343153 0.049267 0.24947 0.296312 0.296312 0.296312 0.343153 0.062102 0.108944
0.0992 -0.031582 -0.078424 0.202628 -0.078424 0.01526 -0.078424 0.202628 0.01526 -0.078424 0.328039 0.108944 0.01526 0.24947 0.107228 0.01526 0.108944 0.062102 -0.125265 0.108944 -0.031582 -0.031582 0.062102 -0.125265 0.108944 -0.031582 0.01526 0.276136 0.24947 0.202628 0.202628 0.343153 0.155786 0.155786 0.202628 0.276136 0.276136 0.220697 0.497889 0.343153 0.202628 0.24947 0.343153 0.155786 0.389995 0.389995 0.389995 0.389995 0.343153 0.296312 0.155786 0.202628 0.24947 0.0992 0.234473 0.149134 0.296312 0.202628 0.343153 0.24947 0.108944 0.24947 0.436837 0.436837 0.0992 0.149134 0.202628 0.199067 0.296312 0.108944 0.01526 0.155786 -0.031582 0.108944 -0.078424 0.389995
0.149134 0.108944 0.062102 0.01526 0.108944 -0.125265 -0.078424 0.062102 0.062102 0.108944 0.052026 0.155786 0.108944 0.155786 0.052026 -0.031582 0.062102 0.01526 0.108944 0.01526 0.062102 -0.031582 -0.125265 -0.031582 0.108944 0.01526 -0.078424 0.109821 0.108944 0.108944 0.01526 0.24947 0.155786 0.01526 0.062102 0.054383 0.054383 -0.056494 0.220697 0.202628 -0.031582 0.062102 0.24947 -0.031582 0.202628 0.296312 0.202628 0.296312 0.24947 0.155786 0.062102 0.108944 0.108944 -0.0506 0.185508 0.0992 0.155786 0.108944 0.155786 0.155786 -0.031582 0.155786 0.155786 0.24947 0.049267 0.049267 0.108944 0.0992 0.202628 0.01526 0.01526 0.108944 0.01526 -0.078424 -0.078424 0.108944 0.062102
0.199067 0.108944 0.108944 0.202628 0.01526 -0.078424 -0.031582 0.202628 0.062102 0.062102 0.272836 0.155786 0.062102 0.108944 0.052026 -0.031582 0.01526 0.01526 -0.031582 0.01526 0.01526 -0.031582 -0.031582 -0.078424 0.155786 0.01526 0.01526 0.165259 0.155786 0.108944 0.01526 0.202628 0.155786 0.062102 0.108944 0.109821 0.165259 0.109821 0.387012 0.24947 0.108944 0.155786 0.202628 0.062102 0.108944 0.108944 0.155786 0.108944 0.24947 0.202628 0.155786 0.108944 0.108944 0.049267 0.136543 0.149134 0.108944 0.155786 0.202628 0.108944 0.062102 0.108944 0.296312 0.389995 -0.000666 0.049267 0.108944 0.149134 0.24947 -0.031582 0.01526 0.062102 -0.125265 0.062102 -0.078424 0.343153 -0.078424 -0.031582
0.249001 0.149134 0.249001 0.0992 0.199067 -0.100533 0.049267 0.249001 0.049267 0.199067 0.155021 0.249001 0.049267 -0.100533 0.035926 -0.0506 -0.0506 -0.000666 0.199067 -0.000666 0.049267 0.149134 -0.0506 0.049267 0.249001 0.0992 -0.0506 0.098217 0.149134 0.0992 -0.000666 0.199067 0.149134 -0.000666 0.049267 0.098217 0.158039 0.038395 0.21786 -0.000666 0.049267 0.0992 0.199067 0.049267 0.0992 -0.000666 0.149134 0.149134 0.0992 0.0992 0.249001 0.049267 0.049267 -0.0506 0.285296 0.049267 -0.100533 0.049267 0.0992 -0.000666 0.049267 0.199067 0.049267 0.149134 -0.000666 -0.100533 0.0992 -0.000666 0.149134 -0.0506 0.049267 -0.000666 -0.0506 -0.100533 -0.100533 0.049267 0.199067 -0.0506 -0.100533
0.249001 -0.125265 -0.031582 0.202628 0.155786 -0.078424 0.062102 0.108944 -0.125265 0.062102 0.162431 0.155786 0.155786 0.24947 0.052026 0.01526 0.202628 0.155786 0.202628 0.155786 0.155786 0.062102 -0.031582 0.108944 0.155786 0.108944 0.108944 0.220697 0.062102 0.108944 0.01526 0.296312 0.296312 0.062102 0.108944 0.276136 0.276136 0.109821 0.387012 0.202628 0.155786 0.202628 0.24947 0.062102 0.343153 0.296312 0.296312 0.343153 0.24947 0.202628 0.155786 0.24947 0.202628 -0.000666 0.234473 -0.000666 0.296312 0.108944 0.343153 0.343153 0.062102 0.296312 0.436837 0.389995 0.0992 0.049267 0.24947 0.0992 0.296312 0.01526 -0.031582 0.202628 0.01526 0.01526 -0.031582 0.202628 -0.031582 -0.031582 0.01526 0.149134
0.298934 0.24947 0.24947 0.062102 0.202628 0.01526 -0.078424 0.296312 0.108944 0.108944 0.107228 0.296312 0.108944 0.01526 0.162431 0.01526 0.062102 0.062102 0.202628 0.062102 0.062102 0.108944 -0.031582 0.062102 0.24947 0.155786 0.062102 0.220697 0.202628 0.155786 0.155786 0.202628 0.24947 0.062102 0.108944 0.220697 0.220697 0.109821 0.220697 0.202628 0.062102 0.202628 0.202628 0.062102 0.24947 0.24947 0.296312 0.24947 0.389995 0.202628 0.24947 0.01526 0.155786 -0.000666 0.332403 0.199067 0.202628 0.155786 0.296312 0.202628 0.062102 0.24947 0.202628 0.296312 0.0992 0.049267 0.108944 0.0992 0.24947 0.01526 0.062102 0.062102 0.108944 -0.031582 -0.031582 0.296312 0.108944 -0.031582 -0.031582 -0.000666 0.062102
0.149134 0.062102 0.01526 0.155786 0.01526 -0.031582 -0.031582 0.155786 -0.031582 0.01526 0.272836 0.155786 0.062102 0.24947 0.107228 0.01526 0.108944 0.062102 0.01526 0.01526 0.062102 -0.031582 0.01526 -0.031582 0.155786 0.062102 0.01526 0.220697 0.155786 0.155786 0.108944 0.296312 0.155786 0.108944 0.155786 0.220697 0.220697 0.165259 0.442451 0.296312 0.155786 0.202628 0.296312 0.062102 0.343153 0.343153 0.343153 0.343153 0.296312 0.24947 0.155786 0.155786 0.202628 0.0992 0.185508 0.0992 0.24947 0.155786 0.24947 0.24947 0.062102 0.202628 0.389995 0.343153 0.049267 0.0992 0.155786 0.149134 0.24947 0.062102 -0.031582 0.155786 0.01526 0.108944 -0.172107 0.296312 -0.125265 -0.125265 -0.218949 0.0992 -0.078424 0.01526
0.199067 0.202628 0.108944 -0.031582 0.062102 -0.031582 -0.125265 0.108944 0.108944 0.155786 -0.05838 0.296312 0.01526 0.155786 0.107228 0.01526 0.108944 0.062102 0.062102 0.01526 0.062102 0.01526 -0.078424 0.01526 0.155786 0.062102 -0.031582 0.109821 0.155786 0.108944 0.108944 0.24947 -0.031582 0.062102 0.01526 0.165259 0.165259 0.054383 0.220697 0.155786 0.062102 0.062102 0.24947 0.062102 0.24947 0.24947 0.296312 0.296312 0.155786 0.062102 0.296312 0.062102 0.062102 -0.100533 0.234473 0.149134 0.01526 0.108944 0.108944 0.062102 0.062102 0.155786 0.155786 0.24947 0.049267 -0.000666 0.108944 0.049267 0.155786 -0.031582 0.108944 0.062102 0.108944 -0.125265 -0.031582 0.202628 0.01526 -0.078424 -0.031582 -0.0506 0.108944 -0.031582 -0.031582
0.199067 0.108944 0.24947 0.108944 0.296312 -0.031582 0.108944 0.24947 -0.078424 0.155786 0.162431 0.24947 0.062102 0.062102 0.052026 0.01526 0.108944 0.108944 0.296312 0.108944 0.108944 0.24947 0.155786 0.155786 0.343153 0.155786 0.062102 0.276136 0.155786 0.155786 0.108944 0.296312 0.343153 0.062102 0.108944 0.331574 0.331574 0.220697 0.276136 0.155786 0.202628 0.24947 0.296312 0.155786 0.389995 0.24947 0.343153 0.436837 0.202628 0.155786 0.343153 0.202628 0.202628 0.049267 0.332403 -0.100533 0.296312 0.01526 0.24947 0.296312 0.108944 0.296312 0.24947 0.155786 0.049267 -0.0506 0.202628 -0.0506 0.202628 0.108944 -0.031582 0.155786 0.062102 0.01526 -0.172107 0.062102 0.108944 0.01526 0.108944 -0.0506 -0.031582 0.155786 0.01526 0.155786
0.049267 -0.078424 0.062102 0.01526 0.01526 -0.172107 -0.172107 0.108944 -0.172107 0.01526 0.162431 -0.078424 -0.125265 -0.031582 -0.05838 -0.125265 0.062102 -0.031582 0.01526 -0.031582 -0.078424 -0.031582 -0.172107 -0.078424 0.062102 0.01526 -0.078424 0.054383 0.01526 -0.031582 -0.031582 0.108944 0.202628 -0.078424 -0.031582 0.054383 0.054383 -0.001056 0.109821 0.108944 0.01526 0.062102 0.108944 -0.031582 0.202628 0.155786 0.155786 0.202628 0.155786 0.062102 0.01526 0.01526 0.062102 -0.0506 0.185508 -0.0506 0.155786 0.01526 0.155786 0.155786 -0.078424 0.155786 0.202628 0.202628 -0.100533 -0.2004 0.062102 -0.000666 0.108944 -0.078424 -0.125265 -0.031582 -0.078424 -0.031582 -0.125265 0.202628 -0.031582 -0.031582 -0.125265 -0.0506 -0.031582 -0.031582 -0.125265 -0.031582 -0.078424
0.348867 0.202628 0.24947 0.155786 0.343153 0.062102 0.155786 0.296312 -0.031582 0.202628 0.162431 0.296312 0.108944 0.108944 0.052026 0.062102 0.202628 0.155786 0.296312 0.155786 0.155786 0.296312 0.202628 0.202628 0.389995 0.202628 0.108944 0.331574 0.202628 0.202628 0.155786 0.343153 0.389995 0.062102 0.155786 0.387012 0.276136 0.276136 0.331574 0.202628 0.202628 0.24947 0.343153 0.202628 0.389995 0.296312 0.343153 0.483679 0.24947 0.202628 0.389995 0.202628 0.24947 0.0992 0.332403 -0.000666 0.343153 0.01526 0.296312 0.343153 0.155786 0.296312 0.24947 0.155786 0.049267 0.049267 0.24947 -0.0506 0.202628 0.155786 -0.031582 0.155786 0.155786 0.062102 -0.031582 0.062102 0.202628 0.062102 0.155786 0.049267 0.062102 0.202628 0.062102 0.155786 -0.078424 0.062102
0.249001 0.296312 0.296312 0.343153 0.155786 0.24947 0.155786 0.436837 0.343153 0.436837 0.493647 0.202628 0.24947 0.296312 0.328039 0.24947 0.296312 0.202628 0.202628 0.202628 0.202628 0.202628 0.202628 0.155786 0.389995 0.155786 0.24947 0.442451 0.436837 0.343153 0.202628 0.436837 0.389995 0.343153 0.343153 0.276136 0.387012 0.387012 0.553327 0.577363 0.296312 0.389995 0.389995 0.296312 0.108944 0.202628 0.24947 0.155786 0.530521 0.389995 0.389995 0.389995 0.343153 0.348867 0.185508 0.448734 0.389995 0.389995 0.436837 0.436837 0.202628 0.343153 0.343153 0.483679 0.298934 0.298934 0.343153 0.398801 0.343153 0.296312 0.343153 0.202628 0.155786 0.389995 0.202628 0.530521 0.24947 0.24947 0.062102 0.149134 0.389995 0.343153 0.24947 0.202628 0.389995 0.155786 0.483679
0.0992 0.108944 0.108944 0.202628 0.062102 0.108944 0.01526 0.202628 0.155786 0.202628 0.328039 0.155786 0.155786 0.389995 0.162431 0.108944 0.296312 0.155786 0.062102 0.155786 0.108944 0.108944 0.108944 0.062102 0.24947 0.108944 0.155786 0.276136 0.296312 0.24947 0.24947 0.389995 0.296312 0.24947 0.24947 0.276136 0.276136 0.165259 0.387012 0.436837 0.202628 0.296312 0.389995 0.202628 0.389995 0.483679 0.436837 0.436837 0.389995 0.296312 0.24947 0.343153 0.24947 0.199067 0.234473 0.199067 0.389995 0.24947 0.296312 0.389995 0.062102 0.24947 0.389995 0.389995 0.199067 0.199067 0.24947 0.298934 0.24947 0.202628 0.155786 0.202628 0.202628 0.24947 0.108944 0.436837 0.01526 0.108944 0.062102 0.298934 0.155786 0.24947 0.062102 0.155786 0.24947 0.062102 0.24947 0.24947
0.199067 0.155786 0.202628 0.343153 0.108944 0.155786 0.108944 0.343153 0.202628 0.296312 0.493647 0.108944 0.155786 0.389995 0.272836 0.202628 0.24947 0.202628 0.108944 0.202628 0.155786 0.108944 0.155786 0.062102 0.343153 0.155786 0.202628 0.387012 0.389995 0.296312 0.296312 0.389995 0.343153 0.296312 0.296312 0.276136 0.331574 0.387012 0.608766 0.530521 0.296312 0.343153 0.343153 0.24947 0.389995 0.436837 0.389995 0.389995 0.436837 0.389995 0.202628 0.343153 0.343153 0.348867 0.234473 0.348867 0.389995 0.343153 0.436837 0.389995 0.155786 0.296312 0.436837 0.483679 0.199067 0.249001 0.296312 0.348867 0.296312 0.24947 0.202628 0.202628 0.202628 0.389995 0.202628 0.530521 0.108944 0.202628 0.108944 0.348867 0.24947 0.343153 0.108944 0.24947 0.343153 0.108944 0.389995 0.062102 0.108944
0.398801 0.483679 0.577363 0.577363 0.436837 0.483679 0.483679 0.577363 0.530521 0.671047 0.76966 0.389995 0.436837 0.671047 0.659255 0.530521 0.436837 0.483679 0.530521 0.483679 0.530521 0.483679 0.483679 0.436837 0.671047 0.483679 0.530521 0.664204 0.717889 0.624205 0.483679 0.717889 0.577363 0.624205 0.530521 0.608766 0.719642 0.775081 0.885957 0.671047 0.624205 0.577363 0.671047 0.577363 0.436837 0.389995 0.530521 0.436837 0.577363 0.624205 0.577363 0.577363 0.530521 0.498668 0.430333 0.498668 0.483679 0.577363 0.577363 0.530521 0.483679 0.530521 0.530521 0.624205 0.348867 0.398801 0.530521 0.498668 0.436837 0.577363 0.483679 0.389995 0.389995 0.624205 0.577363 0.717889 0.530521 0.530521 0.343153 0.348867 0.577363 0.671047 0.483679 0.530521 0.483679 0.436837 0.624205 0.202628 0.483679 0.389995
0.298934 0.24947 0.343153 0.343153 0.202628 0.296312 0.202628 0.436837 0.296312 0.483679 0.548849 0.108944 0.24947 0.436837 0.383241 0.296312 0.343153 0.24947 0.343153 0.24947 0.24947 0.296312 0.24947 0.202628 0.483679 0.24947 0.296312 0.553327 0.530521 0.436837 0.343153 0.530521 0.577363 0.436837 0.436837 0.387012 0.497889 0.497889 0.664204 0.671047 0.389995 0.483679 0.483679 0.389995 0.296312 0.389995 0.389995 0.343153 0.577363 0.483679 0.389995 0.483679 0.389995 0.448734 0.234473 0.448734 0.483679 0.436837 0.483679 0.530521 0.202628 0.389995 0.389995 0.436837 0.348867 0.348867 0.389995 0.448734 0.343153 0.389995 0.296312 0.24947 0.24947 0.483679 0.296312 0.624205 0.343153 0.296312 0.202628 0.348867 0.389995 0.436837 0.296312 0.389995 0.436837 0.202628 0.483679 0.108944 0.202628 0.155786 0.202628
0.249001 0.202628 0.296312 0.296312 0.24947 0.24947 0.155786 0.389995 0.24947 0.436837 0.493647 0.155786 0.202628 0.483679 0.328039 0.24947 0.389995 0.24947 0.296312 0.24947 0.202628 0.24947 0.202628 0.155786 0.436837 0.296312 0.24947 0.442451 0.483679 0.389995 0.436837 0.483679 0.530521 0.389995 0.389995 0.387012 0.387012 0.387012 0.553327 0.624205 0.343153 0.436837 0.530521 0.343153 0.530521 0.624205 0.577363 0.577363 0.530521 0.436837 0.343153 0.436837 0.389995 0.398801 0.332403 0.398801 0.530521 0.389995 0.436837 0.483679 0.155786 0.343153 0.436837 0.389995 0.298934 0.298934 0.343153 0.398801 0.296312 0.343153 0.296312 0.296312 0.343153 0.436837 0.296312 0.577363 0.296312 0.24947 0.296312 0.448734 0.343153 0.389995 0.24947 0.343153 0.389995 0.155786 0.436837 0.296312 0.202628 0.24947 0.483679 0.108944
0.149134 -0.031582 0.108944 0.155786 0.062102 -0.031582 0.01526 0.155786 -0.031582 0.155786 0.272836 0.01526 0.062102 0.24947 -0.003177 0.01526 0.202628 0.108944 0.108944 0.108944 0.062102 0.062102 0.01526 0.01526 0.155786 0.062102 0.062102 0.165259 0.108944 0.062102 0.062102 0.202628 0.296312 0.062102 0.062102 0.165259 0.165259 0.109821 0.331574 0.24947 0.108944 0.155786 0.202628 0.062102 0.296312 0.296312 0.24947 0.296312 0.202628 0.155786 0.155786 0.24947 0.155786 0.0992 0.185508 0.049267 0.296312 0.108944 0.296312 0.296312 -0.031582 0.202628 0.343153 0.343153 0.049267 -0.000666 0.202628 0.149134 0.155786 0.062102 0.01526 0.108944 0.062102 0.155786 0.062102 0.343153 0.062102 0.062102 0.062102 0.199067 0.01526 0.202628 0.01526 0.155786 0.062102 -0.078424 0.155786 0.202628 0.062102 0.108944 0.24947 0.202628 0.108944
0.348867 0.296312 0.343153 0.389995 0.24947 0.296312 0.24947 0.436837 0.343153 0.483679 0.548849 0.202628 0.343153 0.436837 0.383241 0.296312 0.343153 0.24947 0.343153 0.24947 0.296312 0.24947 0.296312 0.202628 0.483679 0.202628 0.24947 0.553327 0.530521 0.436837 0.24947 0.530521 0.530521 0.389995 0.389995 0.331574 0.442451 0.442451 0.608766 0.624205 0.343153 0.436837 0.483679 0.389995 0.155786 0.296312 0.24947 0.24947 0.530521 0.483679 0.343153 0.483679 0.389995 0.448734 0.185508 0.448734 0.483679 0.436837 0.483679 0.530521 0.24947 0.389995 0.389995 0.530521 0.348867 0.398801 0.389995 0.448734 0.389995 0.389995 0.296312 0.296312 0.202628 0.483679 0.296312 0.624205 0.343153 0.24947 0.155786 0.298934 0.389995 0.436837 0.296312 0.389995 0.436837 0.24947 0.483679 0.062102 0.296312 0.24947 0.202628 -0.078424 0.155786 0.24947
0.398801 0.202628 0.24947 0.389995 0.155786 0.155786 0.202628 0.24947 0.24947 0.24947 0.493647 0.24947 0.389995 0.436837 0.272836 0.202628 0.296312 0.296312 0.296312 0.296312 0.343153 0.24947 0.202628 0.24947 0.24947 0.155786 0.296312 0.387012 0.296312 0.296312 0.108944 0.483679 0.436837 0.296312 0.296312 0.331574 0.442451 0.276136 0.608766 0.436837 0.296312 0.343153 0.343153 0.24947 0.202628 0.24947 0.202628 0.202628 0.436837 0.389995 0.343153 0.436837 0.343153 0.249001 0.234473 0.249001 0.343153 0.343153 0.436837 0.483679 0.202628 0.389995 0.530521 0.671047 0.298934 0.298934 0.389995 0.448734 0.436837 0.24947 0.202628 0.296312 0.108944 0.296312 0.24947 0.577363 0.202628 0.202628 0.062102 0.249001 0.155786 0.343153 0.155786 0.296312 0.296312 0.155786 0.343153 0.155786 0.202628 0.24947 0.202628 0.155786 0.24947 0.108944 0.01526
0.448734 0.436837 0.436837 0.436837 0.389995 0.436837 0.343153 0.530521 0.483679 0.624205 0.604052 0.343153 0.483679 0.530521 0.493647 0.389995 0.483679 0.343153 0.483679 0.343153 0.389995 0.436837 0.436837 0.389995 0.624205 0.343153 0.389995 0.719642 0.671047 0.577363 0.436837 0.671047 0.717889 0.577363 0.577363 0.553327 0.664204 0.608766 0.719642 0.811572 0.483679 0.624205 0.624205 0.530521 0.296312 0.436837 0.483679 0.389995 0.717889 0.577363 0.530521 0.624205 0.483679 0.498668 0.283438 0.548601 0.624205 0.483679 0.530521 0.671047 0.343153 0.436837 0.483679 0.577363 0.498668 0.548601 0.483679 0.548601 0.436837 0.530521 0.436837 0.436837 0.343153 0.577363 0.436837 0.671047 0.483679 0.389995 0.296312 0.398801 0.530521 0.530521 0.436837 0.483679 0.530521 0.389995 0.577363 0.01526 0.389995 0.389995 0.24947 0.062102 0.296312 0.296312 -0.078424 0.202628
0.498668 0.389995 0.436837 0.577363 0.343153 0.343153 0.389995 0.530521 0.436837 0.530521 0.714457 0.343153 0.483679 0.530521 0.493647 0.389995 0.389995 0.389995 0.389995 0.389995 0.436837 0.343153 0.389995 0.343153 0.530521 0.343153 0.389995 0.553327 0.577363 0.483679 0.343153 0.577363 0.624205 0.483679 0.483679 0.387012 0.497889 0.553327 0.775081 0.717889 0.483679 0.530521 0.530521 0.436837 0.296312 0.343153 0.389995 0.296312 0.624205 0.577363 0.389995 0.530521 0.530521 0.548601 0.283438 0.548601 0.530521 0.530521 0.624205 0.577363 0.389995 0.483679 0.624205 0.76473 0.398801 0.498668 0.483679 0.548601 0.530521 0.436837 0.389995 0.389995 0.24947 0.577363 0.343153 0.717889 0.389995 0.389995 0.202628 0.398801 0.436837 0.530521 0.343153 0.483679 0.530521 0.343153 0.577363 0.202628 0.436837 0.296312 0.24947 0.062102 0.483679 0.24947 -0.031582 0.202628 0.24947
0.448734 0.343153 0.389995 0.530521 0.296312 0.296312 0.343153 0.483679 0.389995 0.483679 0.659255 0.296312 0.436837 0.483679 0.438444 0.343153 0.343153 0.296312 0.343153 0.296312 0.389995 0.24947 0.343153 0.24947 0.483679 0.24947 0.296312 0.553327 0.530521 0.436837 0.24947 0.530521 0.530521 0.389995 0.389995 0.331574 0.442451 0.497889 0.719642 0.624205 0.389995 0.436837 0.483679 0.389995 0.202628 0.296312 0.24947 0.24947 0.530521 0.530521 0.296312 0.483679 0.436837 0.498668 0.234473 0.498668 0.483679 0.483679 0.577363 0.530521 0.343153 0.436837 0.530521 0.717889 0.348867 0.448734 0.436837 0.498668 0.483679 0.389995 0.296312 0.343153 0.202628 0.530521 0.343153 0.671047 0.343153 0.296312 0.155786 0.348867 0.389995 0.483679 0.296312 0.436837 0.483679 0.296312 0.530521 0.155786 0.389995 0.24947 0.155786 0.01526 0.436837 0.24947 -0.031582 0.155786 0.155786 -0.172107
0.249001 0.155786 0.24947 0.343153 0.202628 0.155786 0.155786 0.343153 0.202628 0.343153 0.438444 0.155786 0.202628 0.436837 0.217634 0.202628 0.296312 0.202628 0.202628 0.202628 0.202628 0.155786 0.155786 0.108944 0.343153 0.24947 0.202628 0.387012 0.389995 0.296312 0.343153 0.389995 0.436837 0.296312 0.296312 0.331574 0.331574 0.387012 0.608766 0.530521 0.296312 0.343153 0.436837 0.24947 0.483679 0.530521 0.483679 0.483679 0.436837 0.389995 0.24947 0.343153 0.343153 0.348867 0.283438 0.348867 0.436837 0.343153 0.436837 0.389995 0.155786 0.296312 0.483679 0.483679 0.199067 0.249001 0.296312 0.348867 0.296312 0.24947 0.202628 0.24947 0.24947 0.389995 0.24947 0.577363 0.202628 0.202628 0.202628 0.398801 0.24947 0.343153 0.155786 0.296312 0.343153 0.108944 0.343153 0.343153 0.155786 0.202628 0.530521 0.24947 0.155786 0.108944 0.343153 0.296312 0.483679 0.436837 0.343153
0.249001 0.389995 0.389995 0.389995 0.436837 0.343153 0.343153 0.389995 0.436837 0.530521 0.493647 0.436837 0.389995 0.577363 0.438444 0.343153 0.389995 0.343153 0.389995 0.343153 0.389995 0.296312 0.389995 0.296312 0.530521 0.343153 0.296312 0.497889 0.577363 0.483679 0.483679 0.577363 0.389995 0.436837 0.343153 0.497889 0.497889 0.497889 0.553327 0.483679 0.389995 0.389995 0.624205 0.436837 0.577363 0.624205 0.577363 0.671047 0.389995 0.436837 0.343153 0.436837 0.389995 0.298934 0.430333 0.298934 0.436837 0.389995 0.343153 0.389995 0.343153 0.343153 0.389995 0.483679 0.199067 0.298934 0.343153 0.298934 0.296312 0.436837 0.389995 0.389995 0.436837 0.436837 0.389995 0.436837 0.389995 0.296312 0.389995 0.348867 0.436837 0.483679 0.343153 0.343153 0.389995 0.343153 0.436837 0.483679 0.389995 0.389995 0.296312 0.389995 0.436837 0.296312 0.343153 0.483679 0.436837 0.436837 0.296312 0.24947
0.448734 0.389995 0.530521 0.530521 0.343153 0.436837 0.389995 0.577363 0.436837 0.624205 0.76966 0.24947 0.343153 0.624205 0.604052 0.483679 0.436837 0.483679 0.483679 0.483679 0.436837 0.436837 0.389995 0.343153 0.530521 0.436837 0.483679 0.608766 0.671047 0.577363 0.530521 0.671047 0.624205 0.577363 0.530521 0.497889 0.608766 0.664204 0.830519 0.717889 0.577363 0.577363 0.624205 0.530521 0.577363 0.577363 0.577363 0.577363 0.624205 0.624205 0.530521 0.577363 0.577363 0.598534 0.381368 0.598534 0.530521 0.577363 0.624205 0.577363 0.389995 0.530521 0.530521 0.577363 0.448734 0.448734 0.530521 0.598534 0.436837 0.530521 0.483679 0.343153 0.436837 0.624205 0.436837 0.76473 0.483679 0.483679 0.389995 0.548601 0.530521 0.624205 0.436837 0.436837 0.577363 0.24947 0.624205 0.24947 0.436837 0.296312 0.343153 0.01526 0.389995 0.343153 0.202628 0.389995 0.483679 0.24947 0.343153 0.389995 0.436837
0.498668 0.389995 0.436837 0.577363 0.343153 0.343153 0.389995 0.530521 0.436837 0.530521 0.714457 0.343153 0.483679 0.530521 0.493647 0.389995 0.389995 0.389995 0.389995 0.389995 0.436837 0.343153 0.389995 0.343153 0.530521 0.343153 0.389995 0.608766 0.577363 0.483679 0.389995 0.577363 0.624205 0.483679 0.483679 0.442451 0.553327 0.608766 0.830519 0.717889 0.483679 0.530521 0.530521 0.436837 0.389995 0.436837 0.436837 0.389995 0.624205 0.577363 0.343153 0.530521 0.530521 0.548601 0.332403 0.548601 0.530521 0.530521 0.624205 0.577363 0.389995 0.483679 0.624205 0.76473 0.398801 0.498668 0.483679 0.548601 0.530521 0.436837 0.389995 0.389995 0.296312 0.577363 0.389995 0.671047 0.389995 0.389995 0.24947 0.448734 0.436837 0.530521 0.343153 0.483679 0.483679 0.343153 0.577363 0.202628 0.436837 0.24947 0.155786 0.296312 0.389995 0.202628 0.24947 0.155786 0.24947 -0.031582 0.01526 0.436837 0.530521 0.436837
0.298934 0.155786 0.24947 0.343153 0.108944 0.155786 0.155786 0.296312 0.202628 0.296312 0.493647 0.108944 0.24947 0.389995 0.272836 0.202628 0.24947 0.202628 0.24947 0.202628 0.24947 0.202628 0.155786 0.155786 0.24947 0.155786 0.24947 0.387012 0.343153 0.296312 0.155786 0.436837 0.436837 0.296312 0.296312 0.276136 0.387012 0.331574 0.608766 0.483679 0.296312 0.343153 0.343153 0.24947 0.202628 0.24947 0.24947 0.202628 0.436837 0.389995 0.296312 0.389995 0.296312 0.298934 0.185508 0.298934 0.343153 0.343153 0.436837 0.436837 0.155786 0.343153 0.436837 0.530521 0.249001 0.249001 0.343153 0.398801 0.343153 0.24947 0.155786 0.202628 0.108944 0.343153 0.202628 0.577363 0.202628 0.202628 0.062102 0.249001 0.202628 0.343153 0.155786 0.24947 0.343153 0.062102 0.389995 0.062102 0.202628 0.155786 0.24947 -0.125265 0.155786 0.108944 -0.031582 0.062102 0.155786 0.062102 0.062102 0.202628 0.436837 -0.078424 0.155786
0.348867 0.296312 0.296312 0.343153 0.24947 0.24947 0.24947 0.296312 0.343153 0.389995 0.438444 0.296312 0.389995 0.436837 0.272836 0.24947 0.296312 0.296312 0.343153 0.296312 0.343153 0.24947 0.296312 0.24947 0.389995 0.155786 0.24947 0.442451 0.436837 0.389995 0.202628 0.530521 0.389995 0.343153 0.296312 0.331574 0.442451 0.331574 0.497889 0.436837 0.296312 0.343153 0.436837 0.343153 0.202628 0.296312 0.24947 0.296312 0.389995 0.389995 0.296312 0.436837 0.343153 0.298934 0.234473 0.298934 0.343153 0.343153 0.343153 0.436837 0.24947 0.343153 0.343153 0.530521 0.298934 0.348867 0.343153 0.398801 0.343153 0.343153 0.296312 0.296312 0.202628 0.343153 0.296312 0.436837 0.296312 0.202628 0.155786 0.249001 0.296312 0.389995 0.24947 0.296312 0.343153 0.24947 0.389995 0.202628 0.296312 0.24947 0.202628 -0.031582 0.389995 0.24947 0.062102 0.062102 0.202628 0.108944 0.01526 0.389995 0.108944 0.202628 0.24947 0.062102
0.498668 0.436837 0.483679 0.577363 0.389995 0.389995 0.436837 0.530521 0.483679 0.577363 0.659255 0.389995 0.483679 0.577363 0.493647 0.436837 0.389995 0.389995 0.436837 0.389995 0.483679 0.389995 0.436837 0.389995 0.577363 0.389995 0.436837 0.608766 0.624205 0.530521 0.483679 0.624205 0.577363 0.530521 0.483679 0.497889 0.608766 0.664204 0.830519 0.671047 0.530521 0.530521 0.577363 0.483679 0.530521 0.530521 0.530521 0.530521 0.577363 0.577363 0.436837 0.530521 0.483679 0.548601 0.332403 0.548601 0.483679 0.530521 0.577363 0.530521 0.436837 0.483679 0.577363 0.717889 0.398801 0.498668 0.483679 0.548601 0.483679 0.483679 0.389995 0.389995 0.389995 0.577363 0.483679 0.671047 0.436837 0.436837 0.343153 0.498668 0.483679 0.577363 0.389995 0.483679 0.530521 0.389995 0.577363 0.389995 0.483679 0.343153 0.24947 0.202628 0.483679 0.343153 0.24947 0.296312 0.389995 0.24947 0.155786 0.483679 0.202628 0.343153 0.389995 0.24947 0.108944
0.548601 0.624205 0.671047 0.717889 0.577363 0.577363 0.624205 0.671047 0.671047 0.76473 0.824862 0.577363 0.624205 0.76473 0.714457 0.624205 0.530521 0.577363 0.624205 0.577363 0.671047 0.530521 0.624205 0.530521 0.76473 0.530521 0.577363 0.719642 0.811572 0.717889 0.624205 0.811572 0.624205 0.671047 0.577363 0.608766 0.719642 0.775081 0.885957 0.717889 0.671047 0.624205 0.76473 0.671047 0.671047 0.671047 0.624205 0.717889 0.624205 0.717889 0.530521 0.671047 0.624205 0.598534 0.528262 0.598534 0.577363 0.671047 0.671047 0.624205 0.624205 0.624205 0.624205 0.811572 0.448734 0.548601 0.624205 0.598534 0.577363 0.671047 0.577363 0.530521 0.577363 0.717889 0.671047 0.717889 0.624205 0.577363 0.530521 0.548601 0.671047 0.76473 0.577363 0.624205 0.671047 0.577363 0.717889 0.530521 0.671047 0.483679 0.24947 0.483679 0.717889 0.483679 0.483679 0.530521 0.577363 0.483679 0.296312 0.671047 0.155786 0.530521 0.483679 0.483679 0.202628 -0.265791
0.548601 0.483679 0.530521 0.624205 0.436837 0.436837 0.483679 0.577363 0.530521 0.624205 0.76966 0.436837 0.530521 0.624205 0.604052 0.483679 0.436837 0.436837 0.483679 0.436837 0.530521 0.389995 0.483679 0.389995 0.624205 0.389995 0.436837 0.608766 0.671047 0.577363 0.389995 0.671047 0.577363 0.530521 0.483679 0.442451 0.553327 0.608766 0.775081 0.671047 0.530521 0.530521 0.624205 0.530521 0.343153 0.389995 0.389995 0.389995 0.577363 0.624205 0.389995 0.577363 0.530521 0.598534 0.381368 0.598534 0.530521 0.577363 0.624205 0.577363 0.483679 0.530521 0.577363 0.76473 0.448734 0.548601 0.530521 0.598534 0.530521 0.530521 0.436837 0.436837 0.343153 0.624205 0.530521 0.671047 0.483679 0.436837 0.296312 0.448734 0.530521 0.624205 0.436837 0.530521 0.577363 0.436837 0.624205 0.296312 0.530521 0.343153 0.108944 0.202628 0.577363 0.436837 0.155786 0.296312 0.296312 0.062102 -0.218949 0.530521 0.24947 0.483679 0.155786 0.24947 0.01526 0.108944 0.108944
0.498668 0.577363 0.624205 0.671047 0.530521 0.530521 0.577363 0.624205 0.624205 0.717889 0.824862 0.530521 0.577363 0.717889 0.714457 0.577363 0.483679 0.483679 0.577363 0.483679 0.624205 0.530521 0.577363 0.530521 0.717889 0.530521 0.577363 0.719642 0.76473 0.671047 0.624205 0.76473 0.624205 0.671047 0.577363 0.664204 0.775081 0.830519 0.941395 0.717889 0.671047 0.624205 0.717889 0.624205 0.671047 0.624205 0.671047 0.671047 0.624205 0.671047 0.577363 0.624205 0.530521 0.548601 0.479297 0.548601 0.530521 0.624205 0.624205 0.577363 0.577363 0.577363 0.624205 0.76473 0.398801 0.498668 0.577363 0.548601 0.530521 0.624205 0.483679 0.483679 0.530521 0.671047 0.577363 0.717889 0.577363 0.577363 0.483679 0.498668 0.624205 0.717889 0.530521 0.577363 0.624205 0.530521 0.671047 0.577363 0.624205 0.483679 0.24947 0.389995 0.717889 0.530521 0.436837 0.530521 0.577363 0.436837 0.24947 0.624205 0.343153 0.436837 0.436837 0.343153 0.296312 0.062102 0.062102 0.155786
0.498668 0.389995 0.436837 0.577363 0.343153 0.343153 0.389995 0.530521 0.436837 0.530521 0.714457 0.343153 0.483679 0.530521 0.493647 0.389995 0.389995 0.296312 0.389995 0.296312 0.436837 0.343153 0.389995 0.343153 0.530521 0.343153 0.389995 0.608766 0.577363 0.483679 0.389995 0.577363 0.624205 0.483679 0.483679 0.442451 0.553327 0.608766 0.830519 0.717889 0.483679 0.530521 0.530521 0.436837 0.389995 0.436837 0.436837 0.389995 0.624205 0.577363 0.343153 0.530521 0.436837 0.548601 0.332403 0.548601 0.530521 0.530521 0.624205 0.577363 0.389995 0.483679 0.624205 0.76473 0.398801 0.498668 0.483679 0.548601 0.530521 0.436837 0.296312 0.389995 0.296312 0.577363 0.389995 0.671047 0.389995 0.389995 0.24947 0.448734 0.436837 0.530521 0.343153 0.483679 0.530521 0.343153 0.577363 0.202628 0.436837 0.24947 0.296312 0.062102 0.483679 0.296312 0.062102 0.24947 0.108944 0.01526 0.062102 0.436837 0.389995 0.24947 0.062102 -0.031582 0.108944 0.155786 0.296312 0.062102 0.202628
0.598534 0.483679 0.530521 0.624205 0.436837 0.436837 0.483679 0.530521 0.530521 0.577363 0.76966 0.483679 0.577363 0.671047 0.604052 0.483679 0.483679 0.436837 0.530521 0.436837 0.577363 0.483679 0.483679 0.483679 0.577363 0.436837 0.530521 0.608766 0.624205 0.577363 0.483679 0.717889 0.624205 0.577363 0.530521 0.553327 0.664204 0.608766 0.830519 0.671047 0.577363 0.577363 0.624205 0.530521 0.577363 0.577363 0.577363 0.577363 0.624205 0.624205 0.577363 0.624205 0.483679 0.548601 0.430333 0.548601 0.530521 0.577363 0.624205 0.624205 0.483679 0.577363 0.671047 0.811572 0.498668 0.548601 0.577363 0.648468 0.577363 0.530521 0.389995 0.483679 0.436837 0.577363 0.530521 0.76473 0.483679 0.483679 0.389995 0.548601 0.483679 0.624205 0.436837 0.530521 0.577363 0.436837 0.624205 0.530521 0.530521 0.483679 0.24947 0.155786 0.577363 0.436837 0.343153 0.296312 0.483679 0.389995 0.01526 0.577363 0.389995 0.296312 0.483679 0.202628 0.108944 0.108944 0.343153 -0.031582 0.155786 0.24947
0.448734 0.343153 0.389995 0.483679 0.296312 0.296312 0.343153 0.389995 0.389995 0.436837 0.604052 0.343153 0.436837 0.530521 0.438444 0.343153 0.343153 0.343153 0.389995 0.343153 0.436837 0.343153 0.343153 0.343153 0.436837 0.296312 0.389995 0.497889 0.483679 0.436837 0.24947 0.577363 0.483679 0.436837 0.389995 0.442451 0.553327 0.497889 0.719642 0.530521 0.436837 0.436837 0.483679 0.389995 0.24947 0.24947 0.343153 0.24947 0.483679 0.483679 0.436837 0.483679 0.389995 0.398801 0.283438 0.398801 0.389995 0.436837 0.483679 0.483679 0.343153 0.436837 0.530521 0.671047 0.348867 0.398801 0.436837 0.498668 0.436837 0.389995 0.296312 0.343153 0.202628 0.436837 0.343153 0.624205 0.343153 0.343153 0.155786 0.298934 0.343153 0.483679 0.296312 0.389995 0.436837 0.296312 0.483679 0.155786 0.389995 0.343153 0.108944 0.155786 0.483679 0.24947 0.108944 0.155786 0.202628 0.062102 0.01526 0.343153 0.343153 0.343153 0.296312 0.062102 0.108944 0.24947 0.296312 0.062102 0.24947 0.108944 0.24947
0.199067 0.24947 0.202628 0.24947 0.24947 0.24947 0.108944 0.343153 0.296312 0.389995 0.383241 0.24947 0.24947 0.436837 0.272836 0.202628 0.389995 0.202628 0.202628 0.202628 0.155786 0.202628 0.24947 0.155786 0.436837 0.202628 0.202628 0.497889 0.483679 0.389995 0.436837 0.483679 0.436837 0.389995 0.389995 0.442451 0.442451 0.387012 0.497889 0.624205 0.296312 0.436837 0.530521 0.343153 0.483679 0.624205 0.577363 0.577363 0.530521 0.389995 0.343153 0.436837 0.343153 0.298934 0.283438 0.348867 0.530521 0.296312 0.343153 0.483679 0.155786 0.24947 0.389995 0.389995 0.298934 0.348867 0.296312 0.348867 0.24947 0.343153 0.296312 0.343153 0.343153 0.389995 0.155786 0.483679 0.202628 0.202628 0.24947 0.398801 0.343153 0.343153 0.202628 0.24947 0.343153 0.202628 0.296312 0.296312 0.062102 0.202628 0.624205 0.24947 0.24947 0.202628 0.296312 0.343153 0.343153 0.389995 0.436837 0.202628 0.436837 0.436837 0.483679 0.296312 0.389995 0.577363 0.76473 0.577363 0.671047 0.436837 0.671047 0.389995
0.298934 0.389995 0.389995 0.436837 0.202628 0.389995 0.296312 0.436837 0.436837 0.483679 0.604052 0.343153 0.389995 0.577363 0.493647 0.389995 0.436837 0.436837 0.296312 0.436837 0.389995 0.389995 0.389995 0.343153 0.530521 0.296312 0.436837 0.608766 0.577363 0.530521 0.343153 0.671047 0.483679 0.530521 0.483679 0.553327 0.664204 0.553327 0.719642 0.624205 0.483679 0.530521 0.577363 0.483679 0.296312 0.343153 0.436837 0.343153 0.577363 0.530521 0.530521 0.577363 0.483679 0.448734 0.332403 0.448734 0.483679 0.483679 0.483679 0.577363 0.343153 0.483679 0.483679 0.577363 0.448734 0.448734 0.483679 0.548601 0.436837 0.483679 0.436837 0.296312 0.296312 0.483679 0.389995 0.624205 0.24947 0.389995 0.202628 0.348867 0.436837 0.530521 0.343153 0.389995 0.483679 0.343153 0.436837 0.155786 0.062102 0.343153 0.24947 0.24947 0.483679 0.343153 0.155786 0.108944 0.24947 0.343153 0.296312 0.389995 0.483679 0.436837 0.436837 0.202628 0.202628 0.483679 0.577363 0.343153 0.530521 0.436837 0.530521 0.155786 0.155786
0.448734 0.389995 0.436837 0.530521 0.343153 0.343153 0.389995 0.530521 0.389995 0.530521 0.659255 0.343153 0.389995 0.483679 0.438444 0.389995 0.389995 0.436837 0.343153 0.436837 0.389995 0.343153 0.436837 0.343153 0.577363 0.296312 0.389995 0.553327 0.530521 0.436837 0.296312 0.530521 0.483679 0.436837 0.389995 0.442451 0.553327 0.608766 0.719642 0.577363 0.483679 0.483679 0.483679 0.436837 0.296312 0.24947 0.343153 0.296312 0.483679 0.483679 0.483679 0.530521 0.483679 0.498668 0.332403 0.448734 0.483679 0.436837 0.577363 0.530521 0.389995 0.483679 0.530521 0.671047 0.348867 0.398801 0.483679 0.448734 0.436837 0.436837 0.389995 0.343153 0.24947 0.530521 0.343153 0.624205 0.343153 0.436837 0.202628 0.348867 0.436837 0.577363 0.343153 0.436837 0.436837 0.343153 0.483679 0.155786 0.436837 0.343153 0.155786 0.24947 0.530521 0.296312 0.155786 0.24947 0.343153 0.155786 0.155786 0.436837 0.389995 0.343153 0.343153 0.202628 0.202628 0.296312 0.389995 0.24947 0.436837 0.296312 0.436837 0.01526 0.483679 0.24947
0.249001 0.202628 0.202628 0.389995 0.155786 0.155786 0.155786 0.343153 0.24947 0.296312 0.493647 0.202628 0.24947 0.389995 0.272836 0.202628 0.24947 0.202628 0.108944 0.202628 0.202628 0.062102 0.202628 0.062102 0.343153 0.108944 0.155786 0.387012 0.389995 0.296312 0.202628 0.389995 0.296312 0.24947 0.24947 0.220697 0.276136 0.331574 0.553327 0.483679 0.24947 0.296312 0.389995 0.24947 0.24947 0.343153 0.24947 0.296312 0.389995 0.389995 0.202628 0.343153 0.343153 0.348867 0.234473 0.348867 0.389995 0.343153 0.436837 0.389995 0.202628 0.296312 0.436837 0.577363 0.199067 0.298934 0.296312 0.348867 0.343153 0.24947 0.202628 0.24947 0.155786 0.389995 0.155786 0.577363 0.108944 0.155786 0.062102 0.298934 0.24947 0.343153 0.108944 0.24947 0.343153 0.155786 0.389995 0.155786 0.155786 0.155786 0.343153 0.108944 0.296312 0.155786 0.01526 0.155786 0.296312 0.062102 0.062102 0.24947 0.296312 0.24947 0.24947 0.062102 0.108944 0.24947 0.483679 0.24947 0.483679 0.155786 0.389995 0.202628 0.24947 0.296312 0.108944
0.277682 0.165259 0.276136 0.331574 0.165259 0.109821 0.220697 0.331574 0.165259 0.331574 0.378097 0.165259 0.220697 0.331574 0.175459 0.165259 0.220697 0.220697 0.220697 0.220697 0.165259 0.165259 0.220697 0.165259 0.331574 0.165259 0.165259 0.276136 0.331574 0.220697 0.165259 0.276136 0.387012 0.165259 0.165259 0.220697 0.276136 0.331574 0.442451 0.387012 0.276136 0.220697 0.276136 0.220697 0.276136 0.220697 0.276136 0.220697 0.276136 0.276136 0.276136 0.331574 0.276136 0.277682 0.25968 0.21786 0.331574 0.165259 0.387012 0.331574 0.165259 0.220697 0.387012 0.497889 0.098217 0.158039 0.276136 0.21786 0.220697 0.220697 0.165259 0.165259 0.054383 0.331574 0.220697 0.442451 0.220697 0.220697 0.109821 0.21786 0.220697 0.387012 0.165259 0.276136 0.220697 0.109821 0.276136 0.220697 0.220697 0.220697 0.276136 0.165259 0.220697 0.109821 0.165259 0.165259 0.331574 0.109821 -0.001056 0.165259 0.276136 0.331574 0.331574 0.165259 0.109821 0.220697 0.387012 0.109821 0.442451 0.331574 0.220697 -0.001056 0.387012 0.331574 -0.001056 0.109821
0.348867 0.389995 0.483679 0.483679 0.343153 0.389995 0.389995 0.483679 0.436837 0.577363 0.659255 0.296312 0.343153 0.577363 0.548849 0.436837 0.343153 0.436837 0.436837 0.436837 0.436837 0.343153 0.389995 0.296312 0.577363 0.343153 0.389995 0.553327 0.624205 0.530521 0.436837 0.624205 0.436837 0.483679 0.389995 0.442451 0.553327 0.608766 0.719642 0.530521 0.483679 0.436837 0.577363 0.483679 0.483679 0.483679 0.389995 0.530521 0.436837 0.530521 0.436837 0.483679 0.483679 0.448734 0.381368 0.448734 0.389995 0.483679 0.483679 0.436837 0.389995 0.436837 0.389995 0.530521 0.298934 0.348867 0.436837 0.448734 0.343153 0.483679 0.436837 0.296312 0.389995 0.530521 0.436837 0.624205 0.436837 0.389995 0.343153 0.398801 0.483679 0.577363 0.389995 0.436837 0.483679 0.343153 0.530521 0.296312 0.436837 0.296312 0.24947 0.202628 0.436837 0.24947 0.296312 0.343153 0.343153 0.296312 0.155786 0.436837 0.202628 0.202628 0.436837 0.24947 0.108944 0.24947 0.202628 0.202628 0.24947 0.389995 0.296312 0.108944 0.483679 0.389995 0.202628 0.296312 0.054383
0.298934 0.24947 0.296312 0.343153 0.202628 0.24947 0.202628 0.389995 0.296312 0.436837 0.493647 0.155786 0.296312 0.389995 0.328039 0.24947 0.296312 0.202628 0.296312 0.202628 0.24947 0.202628 0.24947 0.155786 0.436837 0.155786 0.202628 0.497889 0.483679 0.389995 0.24947 0.483679 0.483679 0.343153 0.343153 0.276136 0.387012 0.387012 0.553327 0.577363 0.296312 0.389995 0.436837 0.343153 0.202628 0.343153 0.202628 0.296312 0.483679 0.436837 0.296312 0.436837 0.343153 0.398801 0.185508 0.398801 0.436837 0.389995 0.436837 0.483679 0.202628 0.343153 0.343153 0.483679 0.298934 0.348867 0.343153 0.398801 0.343153 0.343153 0.24947 0.24947 0.202628 0.436837 0.24947 0.577363 0.296312 0.202628 0.155786 0.298934 0.343153 0.389995 0.24947 0.343153 0.389995 0.202628 0.436837 0.108944 0.24947 0.202628 0.24947 -0.125265 0.24947 0.155786 -0.125265 0.108944 0.01526 0.01526 -0.125265 0.296312 0.24947 0.155786 0.24947 -0.031582 0.01526 0.155786 0.389995 0.108944 0.343153 0.062102 0.155786 0.108944 0.24947 0.24947 0.202628 0.01526 0.109821 0.062102
0.348867 0.296312 0.296312 0.343153 0.24947 0.24947 0.24947 0.296312 0.343153 0.389995 0.438444 0.296312 0.389995 0.436837 0.328039 0.24947 0.296312 0.296312 0.343153 0.296312 0.343153 0.24947 0.296312 0.24947 0.389995 0.155786 0.24947 0.442451 0.436837 0.389995 0.202628 0.530521 0.389995 0.343153 0.296312 0.331574 0.442451 0.331574 0.497889 0.436837 0.296312 0.343153 0.436837 0.343153 0.202628 0.296312 0.202628 0.296312 0.389995 0.389995 0.343153 0.436837 0.343153 0.298934 0.234473 0.298934 0.343153 0.343153 0.343153 0.436837 0.24947 0.343153 0.343153 0.530521 0.298934 0.348867 0.343153 0.398801 0.343153 0.343153 0.296312 0.296312 0.202628 0.343153 0.24947 0.483679 0.296312 0.202628 0.155786 0.249001 0.296312 0.389995 0.24947 0.296312 0.343153 0.24947 0.389995 0.155786 0.296312 0.296312 0.24947 0.155786 0.343153 0.155786 0.062102 0.062102 0.202628 0.108944 0.108944 0.389995 0.296312 0.296312 0.24947 0.062102 0.01526 0.24947 0.343153 0.202628 0.436837 0.202628 0.343153 0.062102 0.296312 0.24947 0.155786 0.108944 0.109821 -0.031582 -0.031582
0.398801 0.24947 0.296312 0.343153 0.24947 0.202628 0.24947 0.343153 0.24947 0.389995 0.438444 0.24947 0.389995 0.343153 0.217634 0.202628 0.343153 0.296312 0.343153 0.296312 0.296312 0.296312 0.296312 0.296312 0.389995 0.155786 0.24947 0.442451 0.343153 0.296312 0.155786 0.436837 0.530521 0.296312 0.296312 0.331574 0.442451 0.331574 0.497889 0.483679 0.296312 0.389995 0.343153 0.296312 0.202628 0.24947 0.24947 0.24947 0.436837 0.343153 0.389995 0.483679 0.343153 0.298934 0.234473 0.249001 0.436837 0.296312 0.436837 0.530521 0.202628 0.389995 0.436837 0.577363 0.298934 0.298934 0.389995 0.348867 0.389995 0.296312 0.24947 0.296312 0.155786 0.343153 0.202628 0.483679 0.296312 0.24947 0.155786 0.249001 0.24947 0.389995 0.24947 0.343153 0.296312 0.202628 0.343153 0.155786 0.296312 0.296312 0.296312 0.062102 0.296312 0.155786 0.01526 0.062102 0.155786 0.062102 -0.031582 0.343153 0.296312 0.296312 0.24947 0.062102 0.01526 0.155786 0.389995 0.202628 0.483679 0.24947 0.202628 0.108944 0.343153 0.296312 0.062102 0.062102 -0.001056 0.155786 0.01526 -0.078424
0.448734 0.389995 0.436837 0.530521 0.343153 0.343153 0.389995 0.483679 0.436837 0.530521 0.659255 0.343153 0.436837 0.530521 0.493647 0.389995 0.343153 0.343153 0.389995 0.343153 0.436837 0.343153 0.389995 0.343153 0.530521 0.343153 0.389995 0.553327 0.577363 0.483679 0.343153 0.577363 0.530521 0.483679 0.436837 0.442451 0.553327 0.608766 0.775081 0.624205 0.483679 0.483679 0.530521 0.436837 0.296312 0.296312 0.389995 0.296312 0.530521 0.530521 0.436837 0.483679 0.436837 0.498668 0.283438 0.498668 0.436837 0.483679 0.530521 0.483679 0.389995 0.436837 0.530521 0.671047 0.348867 0.448734 0.436837 0.498668 0.436837 0.436837 0.343153 0.343153 0.24947 0.530521 0.389995 0.671047 0.389995 0.389995 0.202628 0.348867 0.436837 0.530521 0.343153 0.436837 0.483679 0.343153 0.483679 0.202628 0.389995 0.343153 0.108944 0.155786 0.389995 0.343153 0.01526 0.155786 0.24947 0.108944 -0.031582 0.296312 0.389995 0.296312 0.296312 0.108944 0.108944 0.24947 0.389995 0.155786 0.296312 0.202628 0.296312 0.01526 0.389995 0.155786 0.108944 0.108944 -0.001056 0.202628 0.108944 0.108944 0.01526 0
