0
0.248933
0.141943 -0.10129
0.248933 0.147905 0.098066
0.195438 -0.001612 -0.001612 0.098066
0.141943 0.048227 0.048227 0.098066 0.048227
0.088448 0.048227 0.048227 -0.051451 -0.10129 -0.051451
0.248933 0.098066 0.098066 0.197743 0.297421 -0.001612 0.197743
0.195438 -0.051451 0.048227 0.048227 0.147905 -0.10129 0.048227 0.247582
0.355924 0.098066 0.147905 0.247582 -0.051451 -0.001612 -0.151129 0.247582 0.098066
0.456384 0.320849 0.379482 -0.030943 0.438114 0.086321 0.086321 0.086321 0.262217 0.379482
0.034952 0.048227 0.197743 0.247582 0.147905 0.048227 0.098066 0.197743 0.048227 0.34726 0.438114
0.141943 0.098066 0.197743 0.048227 -0.001612 -0.051451 -0.10129 0.297421 -0.10129 -0.001612 0.320849 0.048227
0.355924 0.297421 0.34726 0.197743 0.247582 0.048227 0.048227 0.546615 0.098066 0.197743 0.262217 0.247582 0.098066
0.201348 -0.030943 0.086321 0.086321 0.086321 -0.089576 0.027689 0.086321 0.027689 0.203585 0.144953 0.144953 0.144953 -0.030943
0.195438 0.048227 -0.001612 -0.001612 -0.001612 -0.151129 -0.051451 0.098066 -0.051451 0.048227 0.144953 0.147905 -0.001612 -0.001612 -0.20684
0.141943 0.297421 0.297421 0.297421 0.247582 -0.001612 0.147905 0.34726 0.147905 0.247582 0.379482 0.197743 0.098066 0.147905 0.203585 0.098066
0.141943 0.147905 0.048227 0.048227 0.147905 -0.051451 0.048227 0.197743 0.098066 0.247582 0.262217 0.147905 0.098066 0.048227 0.086321 -0.051451 0.098066
0.141943 0.098066 -0.001612 0.247582 -0.10129 0.048227 -0.051451 0.34726 0.247582 0.147905 0.438114 0.247582 0.098066 0.197743 0.086321 -0.001612 0.197743 -0.001612
0.141943 0.147905 -0.001612 -0.001612 0.098066 -0.051451 0.048227 0.197743 0.048227 0.247582 0.262217 0.197743 0.098066 0.048227 0.086321 -0.051451 0.098066 -0.300645 -0.051451
0.141943 0.098066 0.147905 0.098066 0.147905 -0.001612 -0.051451 0.197743 0.048227 0.197743 0.203585 -0.051451 -0.001612 -0.001612 -0.089576 -0.051451 0.147905 -0.051451 0.048227 0.048227
0.088448 0.098066 0.098066 0.247582 -0.001612 -0.051451 -0.10129 0.247582 0.197743 0.098066 0.262217 0.098066 0.098066 0.098066 0.027689 -0.001612 0.147905 0.048227 -0.10129 0.048227 -0.001612
0.088448 0.098066 0.098066 0.098066 0.048227 -0.250806 -0.10129 0.048227 -0.001612 0.147905 0.144953 -0.001612 -0.051451 0.147905 0.086321 -0.051451 0.048227 -0.001612 0.098066 -0.001612 0.048227 -0.151129
0.141943 0.048227 0.098066 0.147905 -0.051451 -0.051451 -0.10129 0.297421 0.048227 -0.001612 0.262217 0.048227 -0.10129 0.098066 0.027689 -0.051451 -0.001612 -0.001612 -0.10129 -0.001612 -0.051451 -0.151129 -0.051451
0.409419 0.048227 0.147905 0.297421 0.048227 0.098066 0.098066 0.048227 0.297421 0.098066 0.320849 0.247582 0.297421 0.397099 -0.030943 0.098066 0.34726 0.297421 0.197743 0.297421 0.147905 0.147905 0.098066 0.147905
0.248933 0.048227 0.048227 0.147905 -0.10129 -0.001612 -0.051451 0.098066 0.147905 0.048227 0.203585 0.098066 0.098066 0.147905 -0.148208 -0.051451 0.197743 0.147905 0.048227 0.147905 -0.001612 -0.001612 0.098066 -0.051451 0.048227
0.141943 0.098066 -0.051451 -0.001612 0.048227 -0.151129 -0.001612 0.147905 -0.051451 0.147905 0.203585 0.098066 -0.001612 -0.001612 -0.148208 -0.200967 0.048227 -0.051451 0.048227 -0.10129 -0.051451 -0.051451 -0.051451 -0.10129 0.147905 -0.051451
0.404492 0.15283 0.212178 0.212178 0.093481 0.034133 0.212178 0.330874 0.271526 0.390222 0.294766 0.330874 0.271526 0.330874 0.078012 0.15283 0.271526 0.15283 0.15283 0.15283 0.212178 0.212178 0.034133 0.212178 0.212178 0.212178 0.15283
0.51641 0.098066 0.247582 0.197743 0.147905 0.048227 0.197743 0.34726 0.147905 0.34726 0.320849 0.34726 0.297421 0.247582 -0.030943 0.098066 0.397099 0.197743 0.197743 0.197743 0.247582 0.247582 0.098066 0.247582 0.247582 0.147905 0.197743 -0.321956
0.409419 0.048227 0.197743 0.147905 0.098066 -0.001612 0.147905 0.34726 0.098066 0.34726 0.320849 0.247582 0.197743 0.147905 -0.030943 0.048227 0.297421 0.098066 0.098066 0.098066 0.147905 0.147905 0.048227 0.147905 0.247582 0.098066 0.098066 -0.321956 -0.300645
0.462914 0.098066 0.247582 0.197743 0.098066 -0.001612 0.147905 0.297421 0.098066 0.297421 0.320849 0.247582 0.247582 0.147905 -0.030943 0.048227 0.297421 0.197743 0.197743 0.197743 0.197743 0.147905 0.048227 0.147905 0.197743 -0.001612 0.098066 -0.143911 -0.300645 -0.300645
0.51641 0.197743 0.34726 0.297421 0.247582 0.098066 0.297421 0.546615 0.247582 0.546615 0.438114 0.34726 0.297421 0.197743 0.027689 0.147905 0.247582 0.147905 0.147905 0.147905 0.197743 0.197743 0.197743 0.197743 0.446938 0.247582 0.147905 -0.321956 -0.200967 -0.250806 -0.051451
0.248933 0.34726 0.297421 0.34726 0.197743 0.247582 0.197743 0.297421 0.446938 0.397099 0.496746 0.496777 0.147905 0.496777 0.379482 0.297421 0.297421 0.297421 0.098066 0.297421 0.297421 0.147905 0.197743 0.147905 0.397099 0.197743 0.297421 0.034133 0.098066 0.098066 0.048227 0.147905
0.409419 0.147905 0.247582 0.197743 0.197743 -0.051451 0.098066 0.34726 -0.001612 0.247582 0.262217 0.247582 0.098066 -0.001612 -0.030943 -0.001612 0.197743 0.098066 0.147905 0.098066 0.098066 0.098066 -0.001612 0.048227 0.247582 0.048227 -0.001612 -0.084563 -0.10129 -0.250806 -0.300645 -0.001612 0.147905
0.355924 0.098066 0.247582 0.147905 0.147905 -0.001612 0.147905 0.247582 0.098066 0.34726 0.262217 0.247582 0.098066 0.147905 -0.030943 0.048227 0.197743 0.147905 0.147905 0.147905 0.147905 0.098066 0.048227 0.098066 0.247582 0.048227 0.048227 -0.262608 -0.200967 -0.350484 -0.300645 -0.250806 -0.151129 -0.300645
0.404492 0.212178 0.271526 0.330874 0.093481 0.034133 0.212178 0.44957 0.271526 0.44957 0.439269 0.212178 0.271526 0.212178 0.150263 0.15283 0.212178 0.15283 0.15283 0.15283 0.15283 0.093481 0.034133 0.093481 0.271526 0.093481 0.034133 -0.20326 -0.025215 -0.262608 -0.143911 -0.20326 0.15283 -0.143911 -0.262608
0.404492 0.212178 0.15283 0.330874 0.15283 0.034133 0.212178 0.44957 0.271526 0.44957 0.367018 0.271526 0.271526 0.15283 0.078012 0.15283 0.271526 0.034133 0.034133 0.034133 0.15283 0.093481 0.034133 0.093481 0.271526 0.15283 0.034133 -0.20326 -0.143911 -0.143911 -0.084563 -0.20326 0.15283 -0.262608 -0.143911 -0.143911
0.404492 0.15283 0.15283 0.15283 0.093481 -0.025215 0.093481 0.212178 0.212178 0.271526 0.150263 0.330874 0.330874 0.271526 -0.066491 0.034133 0.330874 0.15283 0.212178 0.15283 0.15283 0.15283 -0.025215 0.15283 0.093481 0.034133 0.034133 -0.262608 -0.321956 -0.20326 -0.262608 -0.143911 0.093481 -0.20326 -0.20326 -0.084563 -0.20326
0.469099 0.390222 0.330874 0.212178 0.390222 0.271526 0.212178 0.390222 0.390222 0.508919 0.222515 0.44957 0.44957 0.093481 -0.066491 0.093481 0.568267 0.330874 0.44957 0.330874 0.034133 0.271526 0.330874 0.390222 0.508919 0.093481 0.093481 0.15283 0.15283 0.093481 0.093481 0.212178 0.390222 0.093481 0.034133 0.271526 0.271526 0.093481
0.462914 0.34726 0.496777 0.297421 0.397099 0.147905 0.297421 0.397099 0.197743 0.397099 0.320849 0.496777 0.247582 0.297421 0.144953 0.197743 0.297421 0.397099 0.446938 0.397099 0.34726 0.34726 0.197743 0.297421 0.397099 0.247582 0.247582 -0.025215 -0.051451 -0.001612 -0.051451 0.048227 0.098066 -0.051451 -0.151129 0.212178 0.093481 -0.084563 0.271526
0.302429 0.147905 0.098066 0.147905 0.147905 -0.001612 0.098066 0.247582 0.197743 0.34726 0.203585 0.247582 0.247582 0.147905 -0.030943 0.048227 0.197743 0.048227 0.098066 0.048227 0.147905 0.098066 -0.001612 0.098066 0.197743 0.048227 -0.001612 -0.262608 -0.200967 -0.200967 -0.200967 -0.200967 0.048227 -0.250806 -0.250806 -0.143911 -0.381304 -0.440652 0.093481 -0.051451
0.355924 0.197743 0.197743 0.247582 0.197743 0.048227 0.197743 0.247582 0.247582 0.397099 0.320849 0.297421 0.197743 0.247582 0.086321 0.147905 0.247582 0.147905 0.147905 0.147905 0.247582 0.147905 0.048227 0.147905 0.247582 0.147905 0.098066 -0.321956 -0.151129 -0.200967 -0.200967 -0.051451 -0.051451 -0.300645 -0.300645 -0.143911 -0.381304 -0.321956 0.15283 -0.051451 -0.350484
0.569905 0.197743 0.34726 0.297421 0.197743 0.147905 0.297421 0.496777 0.247582 0.496777 0.438114 0.34726 0.34726 0.247582 0.086321 0.197743 0.297421 0.247582 0.247582 0.247582 0.297421 0.297421 0.197743 0.297421 0.397099 0.197743 0.247582 -0.321956 -0.250806 -0.250806 -0.151129 -0.400323 0.147905 -0.001612 -0.250806 -0.20326 -0.143911 -0.20326 0.212178 -0.001612 -0.200967 -0.051451
0.302429 0.048227 0.098066 0.147905 0.048227 -0.051451 0.098066 0.247582 0.147905 0.297421 0.320849 0.197743 0.197743 0.197743 0.027689 0.048227 0.147905 0.048227 0.048227 0.048227 0.147905 0.098066 -0.051451 0.098066 0.147905 0.098066 0.048227 -0.381304 -0.300645 -0.350484 -0.250806 -0.300645 -0.051451 -0.10129 -0.300645 -0.321956 -0.20326 -0.262608 0.15283 0.048227 -0.250806 -0.151129 -0.300645
0.569905 0.34726 0.34726 0.34726 0.247582 0.247582 0.297421 0.496777 0.397099 0.546615 0.438114 0.397099 0.446938 0.247582 0.203585 0.247582 0.34726 0.247582 0.297421 0.247582 0.34726 0.297421 0.247582 0.297421 0.446938 0.147905 0.247582 0.034133 -0.001612 -0.001612 -0.151129 -0.001612 0.247582 0.048227 -0.001612 0.034133 -0.084563 -0.143911 0.330874 0.098066 -0.200967 -0.001612 -0.10129 -0.001612
0.6234 0.34726 0.496777 0.34726 0.297421 0.197743 0.34726 0.546615 0.247582 0.496777 0.438114 0.397099 0.297421 0.197743 0.203585 0.247582 0.247582 0.34726 0.397099 0.34726 0.34726 0.397099 0.247582 0.34726 0.496777 0.247582 0.297421 -0.084563 -0.10129 -0.051451 -0.151129 -0.10129 0.247582 0.048227 -0.10129 -0.025215 0.093481 0.034133 0.390222 -0.10129 -0.001612 0.048227 -0.200967 -0.051451 -0.200967
0.6234 0.34726 0.446938 0.446938 0.297421 0.197743 0.34726 0.546615 0.297421 0.546615 0.496746 0.34726 0.397099 0.197743 0.144953 0.247582 0.34726 0.34726 0.34726 0.34726 0.34726 0.247582 0.247582 0.247582 0.446938 0.098066 0.197743 0.093481 -0.001612 -0.001612 -0.250806 -0.001612 0.247582 -0.200967 -0.151129 -0.025215 -0.143911 -0.084563 0.330874 -0.001612 -0.200967 -0.151129 -0.10129 0.048227 -0.250806 -0.151129
0.6234 0.297421 0.397099 0.397099 0.197743 0.247582 0.34726 0.546615 0.397099 0.546615 0.61401 0.397099 0.446938 0.34726 0.320849 0.297421 0.297421 0.297421 0.297421 0.297421 0.397099 0.34726 0.247582 0.34726 0.446938 0.247582 0.34726 -0.084563 -0.001612 -0.10129 -0.151129 -0.151129 0.197743 0.147905 -0.10129 -0.143911 0.093481 0.034133 0.390222 0.247582 -0.001612 0.147905 -0.250806 -0.200967 -0.200967 -0.250806 -0.051451
0.355924 0.247582 0.397099 0.297421 0.34726 0.147905 0.34726 0.297421 0.247582 0.496777 0.379482 0.397099 0.197743 0.34726 0.086321 0.197743 0.34726 0.297421 0.297421 0.297421 0.297421 0.247582 0.297421 0.247582 0.446938 0.247582 0.197743 -0.084563 -0.10129 -0.001612 -0.001612 -0.001612 -0.051451 0.048227 -0.200967 0.15283 0.034133 -0.025215 0.271526 -0.051451 -0.001612 -0.151129 0.048227 0.048227 0.197743 0.048227 0.098066 0.297421
0.355924 0.147905 0.247582 0.098066 0.197743 0.098066 0.197743 0.297421 0.147905 0.446938 0.262217 0.34726 0.197743 0.197743 0.027689 0.098066 0.34726 0.147905 0.197743 0.147905 0.197743 0.247582 0.147905 0.247582 0.34726 0.147905 0.147905 -0.262608 -0.200967 -0.300645 -0.10129 -0.151129 0.048227 -0.001612 -0.250806 -0.084563 -0.025215 -0.143911 0.034133 -0.001612 -0.10129 -0.10129 -0.151129 -0.200967 0.048227 -0.001612 0.147905 0.048227 -0.10129
0.088448 0.147905 0.048227 0.397099 0.297421 -0.001612 0.147905 0.247582 0.197743 0.297421 0.496746 0.048227 0.297421 0.247582 0.203585 0.147905 0.197743 0.147905 0.197743 0.147905 0.147905 -0.001612 0.098066 0.098066 0.297421 0.247582 -0.001612 0.330874 0.446938 0.34726 0.34726 0.397099 0.446938 0.297421 0.297421 0.212178 0.212178 0.271526 0.390222 0.546615 0.197743 0.247582 0.496777 0.197743 0.496777 0.596454 0.446938 0.546615 0.397099 0.446938
0.355924 0.34726 0.34726 0.297421 0.197743 0.098066 0.098066 0.446938 0.197743 0.247582 0.379482 0.34726 0.098066 0.048227 0.320849 0.048227 0.048227 0.098066 0.197743 0.098066 0.147905 0.147905 0.048227 0.098066 0.397099 0.297421 0.147905 0.271526 0.34726 0.197743 0.247582 0.34726 0.297421 -0.001612 0.147905 0.271526 0.15283 0.330874 0.390222 0.297421 0.147905 0.098066 0.397099 0.197743 0.397099 0.34726 0.34726 0.446938 0.397099 0.297421 0.297421
0.355924 0.147905 0.197743 0.098066 0.147905 0.048227 0.147905 0.297421 0.247582 0.397099 0.262217 0.34726 0.247582 0.197743 0.027689 0.048227 0.247582 -0.001612 0.098066 -0.001612 0.147905 0.147905 0.098066 0.147905 0.297421 0.147905 0.098066 -0.143911 -0.10129 -0.151129 -0.001612 -0.001612 0.147905 0.098066 -0.051451 0.093481 0.093481 -0.025215 0.034133 0.147905 -0.001612 0.048227 0.048227 -0.10129 0.147905 0.147905 0.297421 0.147905 0.048227 -0.151129 0.34726 0.247582
0.355924 0.088448 0.195438 0.034952 0.034952 -0.125534 -0.018543 0.034952 0.088448 0.034952 0.010071 0.355924 0.088448 0.088448 -0.053688 -0.125534 0.195438 0.141943 0.195438 0.141943 0.141943 0.088448 -0.125534 0.088448 0.088448 0.034952 0.034952 0.081459 0.034952 0.034952 -0.018543 0.248933 0.088448 -0.018543 -0.018543 0.210672 0.210672 -0.047754 0.146066 -0.072038 0.034952 0.088448 0.195438 0.034952 0.248933 0.195438 0.248933 0.302429 0.088448 0.034952 0.409419 0.034952 0.034952
0.326323 0.217061 0.217061 0.370717 0.165842 0.114624 0.217061 0.26828 0.319498 0.370717 0.347716 0.26828 0.370717 0.319498 0.226614 0.063405 0.26828 0.114624 0.165842 0.114624 0.217061 0.114624 0.217061 0.114624 0.421936 0.217061 0.165842 0.481042 0.473154 0.319498 0.370717 0.421936 0.524373 0.319498 0.370717 0.358412 0.297097 0.419727 0.603673 0.575592 0.26828 0.370717 0.473154 0.319498 0.217061 0.421936 0.370717 0.370717 0.473154 0.370717 0.26828 0.165842 0.217061 0.161058
0.355924 0.088448 0.248933 0.141943 0.302429 0.034952 0.141943 0.195438 -0.018543 0.195438 0.201348 0.302429 0.195438 0.248933 0.010071 0.034952 0.302429 0.248933 0.355924 0.248933 0.195438 0.302429 0.195438 0.248933 0.302429 0.141943 0.141943 0.275279 0.141943 0.141943 0.088448 0.355924 0.302429 0.088448 0.088448 0.404492 0.404492 0.146066 0.275279 0.034952 0.195438 0.248933 0.302429 0.195438 0.409419 0.302429 0.355924 0.462914 0.088448 0.141943 0.409419 0.355924 0.088448 0.034952 0.216146
0.302429 0.397099 0.397099 0.34726 0.297421 0.098066 0.247582 0.247582 0.34726 0.397099 0.438114 0.397099 0.147905 0.297421 0.320849 0.197743 0.048227 0.247582 0.297421 0.247582 0.297421 0.247582 0.098066 0.197743 0.34726 0.297421 0.197743 0.212178 0.297421 0.247582 0.197743 0.397099 0.048227 0.147905 0.048227 0.271526 0.330874 0.271526 0.508919 0.247582 0.197743 -0.001612 0.397099 0.197743 0.34726 0.247582 0.34726 0.397099 0.048227 0.197743 0.34726 0.147905 0.147905 0.034952 0.370717 0.141943
0.355924 0.197743 0.247582 0.147905 0.297421 0.048227 0.147905 0.297421 0.048227 0.297421 0.203585 0.297421 0.147905 0.098066 0.027689 0.048227 0.247582 0.147905 0.247582 0.147905 0.147905 0.247582 0.147905 0.147905 0.34726 0.147905 0.098066 0.15283 0.147905 0.098066 0.098066 0.247582 0.34726 -0.001612 0.048227 0.212178 0.093481 0.093481 0.15283 0.147905 0.098066 0.147905 0.247582 0.147905 0.297421 0.247582 0.247582 0.397099 0.197743 0.098066 0.397099 0.197743 0.098066 -0.018543 0.217061 -0.072038 0.197743
0.302429 0.34726 0.34726 0.247582 0.34726 0.197743 0.247582 0.197743 0.446938 0.496777 0.320849 0.496777 0.34726 0.446938 0.262217 0.147905 0.34726 0.247582 0.297421 0.247582 0.297421 0.297421 0.247582 0.297421 0.446938 0.297421 0.247582 0.390222 0.446938 0.34726 0.397099 0.496777 0.247582 0.397099 0.247582 0.508919 0.508919 0.330874 0.390222 0.34726 0.297421 0.297421 0.546615 0.34726 0.397099 0.546615 0.596454 0.596454 0.247582 0.197743 0.446938 0.297421 0.147905 0.034952 0.165842 0.195438 0.147905 0.297421
0.355924 0.34726 0.397099 0.297421 0.197743 0.048227 0.197743 0.34726 0.34726 0.34726 0.438114 0.446938 0.098066 0.197743 0.203585 0.048227 0.098066 0.147905 0.147905 0.147905 0.197743 0.098066 0.098066 0.048227 0.34726 0.297421 0.098066 0.212178 0.397099 0.297421 0.34726 0.297421 0.147905 0.247582 0.147905 0.330874 0.330874 0.390222 0.44957 0.297421 0.297421 0.197743 0.446938 0.247582 0.496777 0.397099 0.496777 0.496777 0.147905 0.247582 0.34726 0.048227 0.098066 -0.018543 0.217061 0.355924 -0.051451 0.297421 0.048227
0.141943 -0.051451 0.048227 0.048227 0.048227 -0.051451 -0.001612 0.098066 0.048227 0.197743 0.203585 0.048227 0.098066 0.197743 -0.030943 -0.001612 0.147905 0.048227 0.098066 0.048227 0.048227 0.098066 -0.051451 0.048227 0.147905 0.048227 -0.001612 -0.025215 -0.001612 -0.051451 -0.001612 -0.001612 0.197743 0.048227 -0.051451 0.034133 0.034133 -0.084563 0.15283 0.197743 -0.10129 0.048227 -0.001612 -0.151129 0.147905 0.197743 0.197743 0.098066 0.197743 -0.001612 0.147905 0.247582 -0.001612 -0.018543 0.114624 0.034952 0.197743 0.048227 0.197743 0.247582
0.302429 0.247582 0.197743 0.247582 0.197743 0.147905 0.197743 0.34726 0.34726 0.446938 0.379482 0.34726 0.297421 0.297421 0.203585 0.098066 0.247582 0.048227 0.098066 0.048227 0.197743 0.147905 0.197743 0.147905 0.397099 0.247582 0.147905 0.15283 0.297421 0.098066 0.297421 0.247582 0.297421 0.247582 0.197743 0.212178 0.093481 0.212178 0.330874 0.34726 0.147905 0.197743 0.34726 0.147905 0.197743 0.446938 0.446938 0.397099 0.297421 0.098066 0.297421 0.147905 -0.001612 0.088448 0.012186 0.355924 0.247582 0.197743 0.048227 0.147905 0.048227
0.355924 0.446938 0.446938 0.197743 0.397099 0.247582 0.247582 0.446938 0.34726 0.596454 0.320849 0.397099 0.197743 0.197743 0.320849 0.247582 0.247582 0.247582 0.34726 0.247582 0.247582 0.34726 0.197743 0.247582 0.596454 0.247582 0.197743 0.330874 0.446938 0.34726 0.297421 0.34726 0.297421 0.197743 0.147905 0.330874 0.271526 0.330874 0.212178 0.247582 0.147905 0.247582 0.34726 0.297421 0.197743 0.297421 0.247582 0.397099 0.34726 0.247582 0.546615 0.247582 0.147905 0.088448 0.370717 0.248933 0.247582 0.197743 0.098066 0.147905 0.098066 0.247582
0.355924 0.397099 0.546615 0.197743 0.496777 0.34726 0.247582 0.496777 0.247582 0.496777 0.379482 0.397099 0.098066 0.34726 0.438114 0.297421 0.34726 0.34726 0.496777 0.34726 0.247582 0.496777 0.297421 0.297421 0.696132 0.446938 0.297421 0.568267 0.546615 0.496777 0.496777 0.596454 0.496777 0.397099 0.397099 0.627615 0.627615 0.568267 0.508919 0.446938 0.446938 0.496777 0.646293 0.446938 0.646293 0.546615 0.696132 0.745971 0.496777 0.397099 0.646293 0.34726 0.297421 0.195438 0.370717 0.141943 0.446938 0.297421 0.297421 0.34726 0.247582 0.446938 0.048227
0.195438 0.141943 0.141943 0.141943 0.195438 -0.125534 0.088448 0.248933 -0.018543 0.248933 0.265107 0.141943 -0.018543 0.034952 0.010071 -0.072038 0.034952 -0.072038 -0.018543 -0.072038 0.034952 0.034952 -0.018543 -0.018543 0.302429 0.141943 -0.072038 0.146066 0.195438 0.088448 0.141943 0.141943 0.141943 -0.018543 0.034952 0.146066 0.016853 0.210672 0.339886 0.088448 0.088448 0.088448 0.248933 0.088448 0.302429 0.248933 0.248933 0.355924 0.034952 0.141943 0.141943 0.034952 0.088448 0.088448 0.10597 0.088448 -0.018543 -0.018543 0.088448 -0.125534 -0.018543 0.088448 0.034952 0.141943
0.302429 0.034952 0.302429 0.088448 0.141943 -0.072038 0.034952 0.302429 -0.072038 0.248933 0.201348 0.141943 -0.072038 0.034952 -0.053688 -0.018543 0.141943 0.141943 0.195438 0.141943 -0.018543 0.141943 -0.072038 0.034952 0.141943 0.088448 0.034952 0.016853 -0.018543 -0.125534 -0.072038 0.088448 0.088448 -0.125534 -0.125534 0.081459 0.081459 0.016853 0.146066 -0.179029 0.034952 0.034952 0.088448 -0.018543 0.195438 0.088448 0.141943 0.248933 -0.018543 -0.072038 0.355924 0.088448 -0.018543 -0.072038 0.271235 -0.072038 -0.072038 -0.072038 0.141943 0.034952 -0.072038 0.141943 0.088448 0.141943 -0.072038
0.248933 0.297421 0.247582 0.247582 0.297421 0.098066 0.098066 0.297421 0.247582 0.297421 0.320849 0.297421 0.197743 0.147905 0.144953 0.048227 0.147905 0.098066 0.197743 0.098066 0.048227 0.098066 0.147905 0.098066 0.397099 0.197743 0.048227 0.330874 0.397099 0.247582 0.34726 0.34726 0.34726 0.247582 0.247582 0.330874 0.330874 0.330874 0.212178 0.34726 0.247582 0.297421 0.446938 0.247582 0.297421 0.446938 0.496777 0.496777 0.34726 0.247582 0.197743 0.147905 0.098066 0.195438 0.114624 0.195438 0.098066 0.147905 0.098066 0.098066 0.098066 -0.001612 0.147905 0.247582 -0.018543 0.088448
0.355924 0.248933 0.302429 0.141943 0.355924 -0.018543 0.141943 0.355924 -0.018543 0.302429 0.07383 0.302429 0.034952 -0.018543 0.07383 0.034952 0.141943 0.088448 0.248933 0.088448 0.088448 0.195438 0.088448 0.141943 0.462914 0.195438 0.034952 0.275279 0.248933 0.141943 0.195438 0.248933 0.302429 -0.018543 0.088448 0.275279 0.146066 0.275279 0.275279 0.088448 0.141943 0.195438 0.302429 0.195438 0.355924 0.248933 0.302429 0.462914 0.141943 0.141943 0.409419 0.088448 0.141943 0.034952 0.271235 0.034952 0.141943 -0.125534 0.248933 0.141943 0.088448 0.248933 0.034952 0.141943 -0.072038 -0.018543 0.088448
0.195438 0.247582 0.297421 0.197743 0.297421 0.197743 0.197743 0.34726 0.247582 0.496777 0.320849 0.247582 0.147905 0.297421 0.203585 0.197743 0.197743 0.197743 0.247582 0.197743 0.197743 0.247582 0.197743 0.197743 0.446938 0.247582 0.197743 0.271526 0.34726 0.197743 0.247582 0.247582 0.247582 0.098066 0.048227 0.330874 0.212178 0.330874 0.330874 0.247582 0.098066 0.098066 0.297421 0.197743 0.34726 0.34726 0.297421 0.397099 0.247582 0.197743 0.397099 0.197743 0.197743 0.088448 0.26828 0.088448 0.147905 -0.001612 0.247582 0.247582 -0.051451 0.048227 0.048227 0.247582 -0.018543 -0.018543 0.197743 0.034952
0.355924 0.048227 0.247582 0.197743 0.098066 -0.151129 0.048227 0.147905 0.048227 0.098066 0.086321 0.247582 0.098066 0.048227 -0.089576 -0.10129 0.098066 0.048227 0.098066 0.048227 0.048227 -0.001612 -0.10129 -0.001612 0.197743 0.048227 -0.001612 0.093481 0.048227 -0.001612 -0.001612 0.098066 0.247582 -0.051451 -0.001612 0.093481 0.093481 0.034133 0.271526 0.147905 0.048227 0.098066 0.147905 -0.001612 0.247582 0.197743 0.197743 0.247582 0.197743 0.098066 0.247582 -0.001612 0.048227 -0.286019 0.012186 0.141943 0.147905 0.098066 0.247582 0.048227 -0.051451 0.098066 0.297421 0.297421 -0.018543 -0.072038 0.147905 0.034952 0.247582
0.248933 0.098066 0.098066 0.147905 0.197743 -0.10129 0.048227 0.197743 -0.151129 0.048227 0.262217 0.147905 -0.001612 0.098066 0.086321 -0.051451 0.098066 -0.051451 0.147905 -0.051451 0.098066 0.147905 -0.001612 -0.001612 0.247582 0.147905 -0.001612 0.271526 0.197743 0.098066 0.147905 0.297421 0.397099 -0.001612 0.147905 0.271526 0.15283 0.212178 0.44957 0.197743 0.147905 0.197743 0.297421 0.147905 0.297421 0.297421 0.297421 0.397099 0.297421 0.197743 0.197743 0.098066 0.098066 0.088448 0.114624 0.034952 0.297421 -0.051451 0.34726 0.297421 0.098066 0.147905 0.34726 0.34726 -0.125534 -0.018543 0.098066 -0.072038 0.247582 0.048227
0.248933 0.147905 0.297421 0.197743 0.098066 0.048227 0.098066 0.397099 0.098066 0.34726 0.320849 0.147905 -0.001612 -0.001612 0.144953 0.098066 0.048227 0.098066 0.048227 0.098066 0.098066 0.147905 -0.001612 0.048227 0.34726 0.147905 0.098066 0.093481 0.197743 0.098066 0.098066 0.098066 0.197743 -0.001612 -0.001612 0.093481 0.034133 0.212178 0.271526 0.147905 0.048227 0.098066 0.098066 0.048227 0.147905 0.098066 0.098066 0.147905 0.247582 0.147905 0.34726 0.048227 0.098066 0.088448 0.26828 0.248933 0.147905 0.098066 0.297421 0.098066 0.048227 0.197743 -0.051451 0.197743 -0.072038 -0.072038 0.197743 0.034952 0.048227 0.048227 0.098066
0.302429 0.147905 0.247582 0.247582 0.147905 -0.051451 0.098066 0.297421 0.048227 0.197743 0.320849 0.048227 0.147905 0.098066 0.027689 -0.001612 0.098066 -0.001612 0.147905 0.098066 -0.151129 0.048227 -0.001612 0.048227 0.147905 0.098066 0.048227 0.15283 0.147905 0.098066 -0.001612 0.197743 0.34726 0.048227 0.098066 0.093481 0.15283 0.093481 0.330874 0.247582 0.147905 0.197743 0.197743 0.098066 0.147905 0.098066 0.147905 0.147905 0.247582 0.197743 0.247582 0.197743 0.147905 0.088448 0.217061 0.141943 0.197743 0.147905 0.34726 0.197743 0.098066 0.247582 0.34726 0.446938 0.034952 -0.018543 0.197743 0.141943 0.297421 -0.001612 0.048227 0.098066
0.409419 0.197743 0.247582 0.048227 0.147905 -0.10129 -0.001612 0.098066 0.048227 0.048227 0.027689 0.397099 -0.001612 0.048227 0.027689 -0.051451 0.147905 0.147905 0.247582 0.147905 0.147905 0.147905 -0.10129 0.098066 0.147905 0.098066 0.048227 0.15283 0.098066 0.098066 0.048227 0.297421 0.147905 -0.001612 -0.001612 0.271526 0.271526 0.034133 0.212178 0.048227 0.098066 0.098066 0.247582 0.098066 0.297421 0.197743 0.297421 0.34726 0.147905 0.048227 0.446938 0.098066 0.098066 -0.286019 0.370717 0.034952 0.048227 0.048227 0.147905 0.048227 0.098066 0.297421 0.147905 0.247582 0.088448 -0.072038 0.197743 -0.018543 0.247582 -0.051451 0.048227 0.098066 0.048227
0.195438 0.147905 0.147905 0.098066 0.147905 -0.051451 -0.051451 0.247582 -0.051451 0.048227 0.144953 0.247582 -0.001612 -0.001612 0.027689 -0.051451 0.098066 -0.001612 0.098066 -0.001612 -0.001612 0.098066 -0.001612 -0.001612 0.247582 0.048227 -0.001612 0.212178 0.098066 0.098066 0.048227 0.247582 0.197743 -0.001612 0.098066 0.212178 0.212178 0.093481 0.271526 0.197743 0.098066 0.197743 0.247582 0.048227 0.297421 0.247582 0.297421 0.34726 0.297421 0.147905 0.297421 0.098066 0.147905 -0.018543 0.26828 0.034952 0.247582 0.048227 0.297421 0.247582 0.048227 0.247582 0.247582 0.197743 0.034952 -0.018543 0.147905 -0.018543 0.247582 -0.001612 -0.051451 0.098066 -0.001612 -0.051451
0.355924 0.34726 0.397099 0.147905 0.546615 0.197743 0.297421 0.34726 0.247582 0.546615 0.144953 0.546615 0.34726 0.297421 0.203585 0.247582 0.446938 0.34726 0.546615 0.34726 0.34726 0.496777 0.297421 0.446938 0.596454 0.34726 0.297421 0.44957 0.34726 0.34726 0.297421 0.496777 0.446938 0.297421 0.247582 0.568267 0.568267 0.390222 0.330874 0.297421 0.34726 0.397099 0.496777 0.34726 0.546615 0.446938 0.546615 0.646293 0.34726 0.247582 0.546615 0.446938 0.297421 -0.018543 0.575592 0.088448 0.446938 0.197743 0.098066 0.34726 0.297421 0.446938 0.197743 0.197743 0.195438 0.088448 0.397099 0.088448 0.297421 0.34726 0.34726 0.34726 0.397099 0.098066 0.147905
0.141943 -0.001612 -0.051451 0.247582 -0.051451 0.048227 -0.051451 0.247582 0.048227 -0.051451 0.379482 0.147905 0.048227 0.297421 0.144953 0.048227 0.147905 0.098066 -0.10129 0.147905 -0.001612 -0.001612 0.098066 -0.10129 0.147905 -0.001612 0.048227 0.330874 0.297421 0.247582 0.247582 0.397099 0.197743 0.197743 0.247582 0.330874 0.330874 0.271526 0.568267 0.397099 0.247582 0.297421 0.397099 0.197743 0.446938 0.446938 0.446938 0.446938 0.397099 0.34726 0.197743 0.247582 0.297421 0.141943 0.26828 0.195438 0.34726 0.247582 0.397099 0.297421 0.147905 0.297421 0.496777 0.496777 0.141943 0.195438 0.247582 0.248933 0.34726 0.147905 0.048227 0.197743 -0.001612 0.147905 -0.051451 0.446938
0.195438 0.147905 0.098066 0.048227 0.147905 -0.10129 -0.051451 0.098066 0.098066 0.147905 0.086321 0.197743 0.147905 0.197743 0.086321 -0.001612 0.098066 0.048227 0.147905 0.048227 0.098066 -0.001612 -0.10129 -0.001612 0.147905 0.048227 -0.051451 0.15283 0.147905 0.147905 0.048227 0.297421 0.197743 0.048227 0.098066 0.093481 0.093481 -0.025215 0.271526 0.247582 -0.001612 0.098066 0.297421 -0.001612 0.247582 0.34726 0.247582 0.34726 0.297421 0.197743 0.098066 0.147905 0.147905 -0.018543 0.217061 0.141943 0.197743 0.147905 0.197743 0.197743 -0.001612 0.197743 0.197743 0.297421 0.088448 0.088448 0.147905 0.141943 0.247582 0.048227 0.048227 0.147905 0.048227 -0.051451 -0.051451 0.147905 0.098066
0.248933 0.147905 0.147905 0.247582 0.048227 -0.051451 -0.001612 0.247582 0.098066 0.098066 0.320849 0.197743 0.098066 0.147905 0.086321 -0.001612 0.048227 0.048227 -0.001612 0.048227 0.048227 -0.001612 -0.001612 -0.051451 0.197743 0.048227 0.048227 0.212178 0.197743 0.147905 0.048227 0.247582 0.197743 0.098066 0.147905 0.15283 0.212178 0.15283 0.44957 0.297421 0.147905 0.197743 0.247582 0.098066 0.147905 0.147905 0.197743 0.147905 0.297421 0.247582 0.197743 0.147905 0.147905 0.088448 0.165842 0.195438 0.147905 0.197743 0.247582 0.147905 0.098066 0.147905 0.34726 0.446938 0.034952 0.088448 0.147905 0.195438 0.297421 -0.001612 0.048227 0.098066 -0.10129 0.098066 -0.051451 0.397099 -0.051451 -0.001612
0.302429 0.195438 0.302429 0.141943 0.248933 -0.072038 0.088448 0.302429 0.088448 0.248933 0.201348 0.302429 0.088448 -0.072038 0.07383 -0.018543 -0.018543 0.034952 0.248933 0.034952 0.088448 0.195438 -0.018543 0.088448 0.302429 0.141943 -0.018543 0.146066 0.195438 0.141943 0.034952 0.248933 0.195438 0.034952 0.088448 0.146066 0.210672 0.081459 0.275279 0.034952 0.088448 0.141943 0.248933 0.088448 0.141943 0.034952 0.195438 0.195438 0.141943 0.141943 0.302429 0.088448 0.088448 -0.018543 0.326323 0.088448 -0.072038 0.088448 0.141943 0.034952 0.088448 0.248933 0.088448 0.195438 0.034952 -0.072038 0.141943 0.034952 0.195438 -0.018543 0.088448 0.034952 -0.018543 -0.072038 -0.072038 0.088448 0.248933 -0.018543 -0.072038
0.302429 -0.10129 -0.001612 0.247582 0.197743 -0.051451 0.098066 0.147905 -0.10129 0.098066 0.203585 0.197743 0.197743 0.297421 0.086321 0.048227 0.247582 0.197743 0.247582 0.197743 0.197743 0.098066 -0.001612 0.147905 0.197743 0.147905 0.147905 0.271526 0.098066 0.147905 0.048227 0.34726 0.34726 0.098066 0.147905 0.330874 0.330874 0.15283 0.44957 0.247582 0.197743 0.247582 0.297421 0.098066 0.397099 0.34726 0.34726 0.397099 0.297421 0.247582 0.197743 0.297421 0.247582 0.034952 0.26828 0.034952 0.34726 0.147905 0.397099 0.397099 0.098066 0.34726 0.496777 0.446938 0.141943 0.088448 0.297421 0.141943 0.34726 0.048227 -0.001612 0.247582 0.048227 0.048227 -0.001612 0.247582 -0.001612 -0.001612 0.048227 0.195438
0.355924 0.297421 0.297421 0.098066 0.247582 0.048227 -0.051451 0.34726 0.147905 0.147905 0.144953 0.34726 0.147905 0.048227 0.203585 0.048227 0.098066 0.098066 0.247582 0.098066 0.098066 0.147905 -0.001612 0.098066 0.297421 0.197743 0.098066 0.271526 0.247582 0.197743 0.197743 0.247582 0.297421 0.098066 0.147905 0.271526 0.271526 0.15283 0.271526 0.247582 0.098066 0.247582 0.247582 0.098066 0.297421 0.297421 0.34726 0.297421 0.446938 0.247582 0.297421 0.048227 0.197743 0.034952 0.370717 0.248933 0.247582 0.197743 0.34726 0.247582 0.098066 0.297421 0.247582 0.34726 0.141943 0.088448 0.147905 0.141943 0.297421 0.048227 0.098066 0.098066 0.147905 -0.001612 -0.001612 0.34726 0.147905 -0.001612 -0.001612 0.034952 0.098066
0.195438 0.098066 0.048227 0.197743 0.048227 -0.001612 -0.001612 0.197743 -0.001612 0.048227 0.320849 0.197743 0.098066 0.297421 0.144953 0.048227 0.147905 0.098066 0.048227 0.048227 0.098066 -0.001612 0.048227 -0.001612 0.197743 0.098066 0.048227 0.271526 0.197743 0.197743 0.147905 0.34726 0.197743 0.147905 0.197743 0.271526 0.271526 0.212178 0.508919 0.34726 0.197743 0.247582 0.34726 0.098066 0.397099 0.397099 0.397099 0.397099 0.34726 0.297421 0.197743 0.197743 0.247582 0.141943 0.217061 0.141943 0.297421 0.197743 0.297421 0.297421 0.098066 0.247582 0.446938 0.397099 0.088448 0.141943 0.197743 0.195438 0.297421 0.098066 -0.001612 0.197743 0.048227 0.147905 -0.151129 0.34726 -0.10129 -0.10129 -0.200967 0.141943 -0.051451 0.048227
0.248933 0.247582 0.147905 -0.001612 0.098066 -0.001612 -0.10129 0.147905 0.147905 0.197743 -0.030943 0.34726 0.048227 0.197743 0.144953 0.048227 0.147905 0.098066 0.098066 0.048227 0.098066 0.048227 -0.051451 0.048227 0.197743 0.098066 -0.001612 0.15283 0.197743 0.147905 0.147905 0.297421 -0.001612 0.098066 0.048227 0.212178 0.212178 0.093481 0.271526 0.197743 0.098066 0.098066 0.297421 0.098066 0.297421 0.297421 0.34726 0.34726 0.197743 0.098066 0.34726 0.098066 0.098066 -0.072038 0.26828 0.195438 0.048227 0.147905 0.147905 0.098066 0.098066 0.197743 0.197743 0.297421 0.088448 0.034952 0.147905 0.088448 0.197743 -0.001612 0.147905 0.098066 0.147905 -0.10129 -0.001612 0.247582 0.048227 -0.051451 -0.001612 -0.018543 0.147905 -0.001612 -0.001612
0.248933 0.147905 0.297421 0.147905 0.34726 -0.001612 0.147905 0.297421 -0.051451 0.197743 0.203585 0.297421 0.098066 0.098066 0.086321 0.048227 0.147905 0.147905 0.34726 0.147905 0.147905 0.297421 0.197743 0.197743 0.397099 0.197743 0.098066 0.330874 0.197743 0.197743 0.147905 0.34726 0.397099 0.098066 0.147905 0.390222 0.390222 0.271526 0.330874 0.197743 0.247582 0.297421 0.34726 0.197743 0.446938 0.297421 0.397099 0.496777 0.247582 0.197743 0.397099 0.247582 0.247582 0.088448 0.370717 -0.072038 0.34726 0.048227 0.297421 0.34726 0.147905 0.34726 0.297421 0.197743 0.088448 -0.018543 0.247582 -0.018543 0.247582 0.147905 -0.001612 0.197743 0.098066 0.048227 -0.151129 0.098066 0.147905 0.048227 0.147905 -0.018543 -0.001612 0.197743 0.048227 0.197743
0.088448 -0.051451 0.098066 0.048227 0.048227 -0.151129 -0.151129 0.147905 -0.151129 0.048227 0.203585 -0.051451 -0.10129 -0.001612 -0.030943 -0.10129 0.098066 -0.001612 0.048227 -0.001612 -0.051451 -0.001612 -0.151129 -0.051451 0.098066 0.048227 -0.051451 0.093481 0.048227 -0.001612 -0.001612 0.147905 0.247582 -0.051451 -0.001612 0.093481 0.093481 0.034133 0.15283 0.147905 0.048227 0.098066 0.147905 -0.001612 0.247582 0.197743 0.197743 0.247582 0.197743 0.098066 0.048227 0.048227 0.098066 -0.018543 0.217061 -0.018543 0.197743 0.048227 0.197743 0.197743 -0.051451 0.197743 0.247582 0.247582 -0.072038 -0.179029 0.098066 0.034952 0.147905 -0.051451 -0.10129 -0.001612 -0.051451 -0.001612 -0.10129 0.247582 -0.001612 -0.001612 -0.10129 -0.018543 -0.001612 -0.001612 -0.10129 -0.001612 -0.051451
0.409419 0.247582 0.297421 0.197743 0.397099 0.098066 0.197743 0.34726 -0.001612 0.247582 0.203585 0.34726 0.147905 0.147905 0.086321 0.098066 0.247582 0.197743 0.34726 0.197743 0.197743 0.34726 0.247582 0.247582 0.446938 0.247582 0.147905 0.390222 0.247582 0.247582 0.197743 0.397099 0.446938 0.098066 0.197743 0.44957 0.330874 0.330874 0.390222 0.247582 0.247582 0.297421 0.397099 0.247582 0.446938 0.34726 0.397099 0.546615 0.297421 0.247582 0.446938 0.247582 0.297421 0.141943 0.370717 0.034952 0.397099 0.048227 0.34726 0.397099 0.197743 0.34726 0.297421 0.197743 0.088448 0.088448 0.297421 -0.018543 0.247582 0.197743 -0.001612 0.197743 0.197743 0.098066 -0.001612 0.098066 0.247582 0.098066 0.197743 0.088448 0.098066 0.247582 0.098066 0.197743 -0.051451 0.098066
0.355924 0.147905 0.297421 0.34726 0.297421 0.098066 0.247582 0.397099 0.098066 0.397099 0.438114 0.197743 0.247582 0.297421 0.027689 0.147905 0.34726 0.247582 0.247582 0.247582 0.197743 0.197743 0.247582 0.197743 0.397099 0.197743 0.147905 0.330874 0.247582 0.147905 0.197743 0.247582 0.496777 0.147905 0.147905 0.271526 0.271526 0.330874 0.44957 0.397099 0.247582 0.297421 0.297421 0.197743 0.446938 0.397099 0.34726 0.446938 0.297421 0.247582 0.297421 0.397099 0.297421 0.302429 0.319498 0.195438 0.496777 0.197743 0.496777 0.446938 0.147905 0.34726 0.496777 0.546615 0.141943 0.141943 0.34726 0.195438 0.297421 0.197743 0.147905 0.247582 0.197743 0.34726 0.197743 0.446938 0.247582 0.247582 0.247582 0.355924 0.197743 0.397099 0.197743 0.34726 0.197743 0.098066 0.247582
0.462914 0.297421 0.446938 0.446938 0.446938 0.247582 0.397099 0.496777 0.247582 0.546615 0.555378 0.34726 0.34726 0.446938 0.203585 0.297421 0.446938 0.397099 0.397099 0.397099 0.34726 0.34726 0.397099 0.34726 0.546615 0.34726 0.297421 0.44957 0.397099 0.297421 0.34726 0.397099 0.546615 0.297421 0.247582 0.44957 0.44957 0.508919 0.568267 0.446938 0.397099 0.397099 0.446938 0.34726 0.596454 0.496777 0.496777 0.596454 0.34726 0.34726 0.446938 0.496777 0.397099 0.409419 0.473154 0.302429 0.546615 0.297421 0.546615 0.496777 0.297421 0.446938 0.546615 0.596454 0.248933 0.248933 0.446938 0.302429 0.34726 0.34726 0.297421 0.34726 0.34726 0.446938 0.34726 0.496777 0.397099 0.397099 0.397099 0.462914 0.34726 0.546615 0.34726 0.446938 0.297421 0.247582 0.34726 -0.001612
0.302429 0.34726 0.446938 0.446938 0.446938 0.297421 0.397099 0.446938 0.34726 0.546615 0.555378 0.397099 0.34726 0.546615 0.262217 0.34726 0.397099 0.397099 0.397099 0.397099 0.397099 0.34726 0.397099 0.34726 0.546615 0.397099 0.34726 0.390222 0.496777 0.397099 0.446938 0.496777 0.446938 0.397099 0.297421 0.44957 0.44957 0.508919 0.568267 0.446938 0.446938 0.397099 0.546615 0.397099 0.646293 0.546615 0.596454 0.646293 0.34726 0.397099 0.446938 0.446938 0.397099 0.302429 0.473154 0.248933 0.446938 0.34726 0.446938 0.397099 0.34726 0.397099 0.496777 0.546615 0.141943 0.195438 0.397099 0.248933 0.297421 0.397099 0.34726 0.34726 0.397099 0.446938 0.397099 0.496777 0.397099 0.397099 0.397099 0.355924 0.397099 0.546615 0.34726 0.397099 0.34726 0.297421 0.397099 0.098066 -0.10129
0.355924 0.297421 0.34726 0.34726 0.397099 0.247582 0.297421 0.397099 0.297421 0.496777 0.379482 0.34726 0.34726 0.446938 0.144953 0.247582 0.397099 0.297421 0.34726 0.297421 0.297421 0.297421 0.34726 0.297421 0.496777 0.297421 0.247582 0.44957 0.446938 0.34726 0.397099 0.446938 0.496777 0.34726 0.297421 0.44957 0.44957 0.44957 0.508919 0.496777 0.34726 0.397099 0.496777 0.34726 0.546615 0.546615 0.546615 0.596454 0.397099 0.34726 0.397099 0.446938 0.34726 0.355924 0.370717 0.302429 0.496777 0.297421 0.397099 0.446938 0.247582 0.34726 0.446938 0.496777 0.248933 0.302429 0.34726 0.302429 0.297421 0.34726 0.297421 0.34726 0.34726 0.397099 0.297421 0.446938 0.34726 0.297421 0.34726 0.409419 0.34726 0.446938 0.297421 0.34726 0.297421 0.247582 0.34726 0.098066 -0.151129 -0.051451
0.302429 0.247582 0.297421 0.397099 0.297421 0.197743 0.247582 0.34726 0.297421 0.397099 0.496746 0.297421 0.297421 0.496777 0.320849 0.247582 0.297421 0.247582 0.247582 0.247582 0.297421 0.197743 0.247582 0.197743 0.397099 0.297421 0.247582 0.390222 0.446938 0.34726 0.397099 0.446938 0.397099 0.34726 0.297421 0.390222 0.390222 0.44957 0.627615 0.496777 0.34726 0.34726 0.496777 0.297421 0.546615 0.546615 0.546615 0.546615 0.397099 0.397099 0.297421 0.34726 0.34726 0.355924 0.319498 0.355924 0.397099 0.34726 0.397099 0.34726 0.247582 0.297421 0.496777 0.546615 0.195438 0.302429 0.297421 0.355924 0.297421 0.297421 0.247582 0.297421 0.297421 0.397099 0.297421 0.546615 0.247582 0.247582 0.247582 0.409419 0.297421 0.397099 0.197743 0.297421 0.34726 0.197743 0.397099 0.048227 0.048227 0.048227 0.197743
0.302429 0.397099 0.446938 0.496777 0.496777 0.297421 0.446938 0.446938 0.397099 0.596454 0.61401 0.397099 0.397099 0.596454 0.379482 0.397099 0.397099 0.446938 0.397099 0.446938 0.446938 0.397099 0.397099 0.397099 0.546615 0.446938 0.34726 0.44957 0.546615 0.446938 0.496777 0.546615 0.496777 0.446938 0.34726 0.508919 0.508919 0.568267 0.686963 0.496777 0.446938 0.397099 0.596454 0.397099 0.696132 0.596454 0.646293 0.696132 0.397099 0.446938 0.397099 0.496777 0.446938 0.355924 0.524373 0.302429 0.446938 0.397099 0.446938 0.446938 0.34726 0.446938 0.496777 0.546615 0.141943 0.248933 0.446938 0.302429 0.34726 0.446938 0.397099 0.34726 0.446938 0.496777 0.446938 0.546615 0.446938 0.397099 0.446938 0.355924 0.446938 0.596454 0.397099 0.446938 0.397099 0.34726 0.446938 0.247582 -0.151129 -0.001612 -0.10129 0.197743
0.409419 0.247582 0.397099 0.397099 0.397099 0.197743 0.34726 0.446938 0.197743 0.496777 0.496746 0.297421 0.297421 0.397099 0.144953 0.247582 0.397099 0.34726 0.34726 0.34726 0.297421 0.297421 0.34726 0.297421 0.496777 0.297421 0.247582 0.390222 0.34726 0.247582 0.297421 0.34726 0.496777 0.247582 0.197743 0.390222 0.390222 0.44957 0.508919 0.397099 0.34726 0.34726 0.397099 0.297421 0.546615 0.446938 0.446938 0.546615 0.297421 0.297421 0.397099 0.446938 0.34726 0.355924 0.421936 0.248933 0.496777 0.247582 0.496777 0.446938 0.247582 0.397099 0.496777 0.546615 0.195438 0.195438 0.397099 0.248933 0.297421 0.297421 0.247582 0.297421 0.297421 0.397099 0.297421 0.446938 0.34726 0.34726 0.34726 0.409419 0.297421 0.496777 0.297421 0.397099 0.247582 0.197743 0.297421 -0.001612 -0.300645 -0.051451 -0.250806 0.147905 -0.200967
0.302429 0.197743 0.247582 0.397099 0.247582 0.147905 0.197743 0.34726 0.247582 0.34726 0.496746 0.247582 0.297421 0.446938 0.262217 0.197743 0.297421 0.197743 0.197743 0.197743 0.247582 0.147905 0.197743 0.147905 0.34726 0.247582 0.197743 0.390222 0.397099 0.297421 0.34726 0.397099 0.446938 0.297421 0.297421 0.330874 0.330874 0.390222 0.627615 0.546615 0.297421 0.34726 0.446938 0.247582 0.496777 0.546615 0.496777 0.496777 0.446938 0.397099 0.247582 0.34726 0.34726 0.355924 0.26828 0.355924 0.446938 0.34726 0.446938 0.397099 0.197743 0.297421 0.546615 0.596454 0.195438 0.302429 0.297421 0.355924 0.34726 0.247582 0.197743 0.297421 0.247582 0.397099 0.247582 0.596454 0.197743 0.197743 0.197743 0.409419 0.247582 0.34726 0.147905 0.297421 0.34726 0.147905 0.397099 -0.10129 0.147905 0.197743 0.147905 -0.051451 0.34726 0.197743
0.409419 0.297421 0.397099 0.34726 0.446938 0.247582 0.34726 0.446938 0.247582 0.546615 0.438114 0.34726 0.34726 0.397099 0.086321 0.247582 0.446938 0.34726 0.397099 0.34726 0.297421 0.34726 0.397099 0.34726 0.546615 0.297421 0.247582 0.390222 0.397099 0.297421 0.34726 0.397099 0.546615 0.297421 0.247582 0.390222 0.390222 0.390222 0.390222 0.446938 0.34726 0.397099 0.446938 0.34726 0.546615 0.496777 0.496777 0.596454 0.34726 0.297421 0.446938 0.496777 0.34726 0.355924 0.421936 0.248933 0.546615 0.247582 0.446938 0.496777 0.247582 0.397099 0.446938 0.496777 0.248933 0.248933 0.397099 0.248933 0.297421 0.34726 0.297421 0.34726 0.34726 0.397099 0.297421 0.397099 0.397099 0.34726 0.397099 0.409419 0.34726 0.496777 0.34726 0.397099 0.247582 0.247582 0.297421 -0.051451 -0.10129 -0.001612 -0.001612 0.098066 -0.001612 -0.051451 0.197743
0.302429 0.197743 0.297421 0.34726 0.297421 0.147905 0.247582 0.34726 0.197743 0.397099 0.438114 0.247582 0.247582 0.397099 0.203585 0.197743 0.247582 0.247582 0.247582 0.247582 0.247582 0.197743 0.247582 0.197743 0.397099 0.247582 0.197743 0.271526 0.34726 0.247582 0.297421 0.34726 0.397099 0.247582 0.197743 0.271526 0.271526 0.330874 0.44957 0.397099 0.297421 0.297421 0.397099 0.247582 0.496777 0.446938 0.446938 0.496777 0.297421 0.297421 0.297421 0.34726 0.297421 0.302429 0.319498 0.248933 0.397099 0.247582 0.397099 0.34726 0.197743 0.297421 0.446938 0.496777 0.141943 0.195438 0.297421 0.248933 0.247582 0.247582 0.197743 0.247582 0.247582 0.34726 0.247582 0.446938 0.247582 0.247582 0.247582 0.355924 0.247582 0.397099 0.197743 0.297421 0.247582 0.147905 0.297421 0.048227 -0.051451 0.048227 -0.051451 -0.051451 -0.10129 -0.151129 0.147905 -0.001612
0.409419 0.397099 0.546615 0.496777 0.546615 0.34726 0.496777 0.546615 0.34726 0.646293 0.61401 0.446938 0.397099 0.546615 0.262217 0.397099 0.496777 0.496777 0.496777 0.496777 0.446938 0.446938 0.496777 0.446938 0.646293 0.446938 0.397099 0.44957 0.496777 0.397099 0.446938 0.496777 0.546615 0.397099 0.297421 0.508919 0.508919 0.568267 0.568267 0.446938 0.496777 0.446938 0.546615 0.446938 0.696132 0.546615 0.596454 0.696132 0.34726 0.397099 0.546615 0.546615 0.446938 0.355924 0.575592 0.248933 0.546615 0.34726 0.546615 0.496777 0.397099 0.496777 0.546615 0.596454 0.195438 0.195438 0.496777 0.248933 0.34726 0.446938 0.397099 0.397099 0.446938 0.496777 0.446938 0.496777 0.496777 0.496777 0.496777 0.409419 0.446938 0.646293 0.446938 0.496777 0.34726 0.34726 0.397099 0.098066 -0.10129 -0.051451 0.048227 0.247582 -0.250806 -0.200967 0.397099 -0.10129 -0.051451
0.302429 0.247582 0.297421 0.397099 0.297421 0.197743 0.247582 0.34726 0.297421 0.397099 0.496746 0.297421 0.297421 0.496777 0.320849 0.247582 0.297421 0.247582 0.197743 0.247582 0.297421 0.197743 0.247582 0.197743 0.397099 0.297421 0.247582 0.390222 0.446938 0.34726 0.397099 0.446938 0.397099 0.34726 0.297421 0.390222 0.390222 0.44957 0.627615 0.496777 0.34726 0.34726 0.496777 0.297421 0.546615 0.546615 0.546615 0.546615 0.397099 0.397099 0.297421 0.34726 0.34726 0.355924 0.319498 0.355924 0.397099 0.34726 0.34726 0.34726 0.247582 0.297421 0.446938 0.496777 0.141943 0.302429 0.297421 0.355924 0.297421 0.297421 0.247582 0.247582 0.297421 0.397099 0.297421 0.546615 0.247582 0.247582 0.247582 0.409419 0.297421 0.397099 0.197743 0.297421 0.34726 0.197743 0.397099 0.147905 0.147905 0.197743 0.048227 0.048227 -0.001612 0.048227 -0.001612 0.197743 -0.10129 0.197743
0.462914 0.34726 0.397099 0.446938 0.446938 0.297421 0.34726 0.496777 0.34726 0.546615 0.555378 0.397099 0.446938 0.496777 0.203585 0.297421 0.496777 0.34726 0.397099 0.34726 0.34726 0.34726 0.397099 0.34726 0.546615 0.34726 0.297421 0.508919 0.496777 0.397099 0.446938 0.496777 0.646293 0.397099 0.397099 0.44957 0.44957 0.44957 0.568267 0.646293 0.397099 0.496777 0.546615 0.397099 0.596454 0.646293 0.596454 0.646293 0.546615 0.446938 0.446938 0.546615 0.446938 0.462914 0.421936 0.409419 0.646293 0.397099 0.546615 0.596454 0.297421 0.446938 0.596454 0.646293 0.355924 0.409419 0.446938 0.409419 0.446938 0.397099 0.34726 0.446938 0.397099 0.496777 0.34726 0.596454 0.397099 0.34726 0.397099 0.51641 0.397099 0.496777 0.34726 0.446938 0.397099 0.297421 0.446938 -0.051451 -0.001612 0.098066 0.147905 -0.001612 0.197743 0.048227 0.098066 -0.10129 0.197743 0.098066 0.247582
0.409419 0.297421 0.34726 0.496777 0.34726 0.247582 0.297421 0.446938 0.34726 0.446938 0.555378 0.34726 0.397099 0.546615 0.262217 0.297421 0.397099 0.297421 0.297421 0.297421 0.34726 0.247582 0.297421 0.247582 0.446938 0.34726 0.297421 0.508919 0.496777 0.397099 0.446938 0.496777 0.546615 0.397099 0.397099 0.44957 0.44957 0.508919 0.746311 0.646293 0.397099 0.446938 0.546615 0.34726 0.596454 0.646293 0.596454 0.596454 0.546615 0.496777 0.34726 0.446938 0.446938 0.462914 0.370717 0.462914 0.546615 0.446938 0.546615 0.496777 0.297421 0.397099 0.646293 0.696132 0.302429 0.409419 0.397099 0.462914 0.446938 0.34726 0.297421 0.397099 0.34726 0.496777 0.34726 0.696132 0.297421 0.297421 0.297421 0.51641 0.34726 0.446938 0.247582 0.397099 0.446938 0.247582 0.496777 0.048227 0.247582 0.297421 0.297421 0.098066 0.397099 0.297421 -0.001612 0.197743 0.247582 0.397099 0.197743 0.098066
0.409419 0.297421 0.34726 0.496777 0.34726 0.247582 0.297421 0.446938 0.34726 0.446938 0.555378 0.34726 0.397099 0.546615 0.320849 0.297421 0.397099 0.297421 0.297421 0.297421 0.34726 0.247582 0.297421 0.247582 0.446938 0.34726 0.297421 0.508919 0.496777 0.397099 0.446938 0.496777 0.546615 0.397099 0.397099 0.44957 0.44957 0.508919 0.746311 0.646293 0.397099 0.446938 0.546615 0.34726 0.596454 0.646293 0.596454 0.596454 0.546615 0.496777 0.34726 0.446938 0.446938 0.462914 0.370717 0.462914 0.546615 0.446938 0.546615 0.496777 0.297421 0.397099 0.646293 0.696132 0.302429 0.409419 0.397099 0.462914 0.446938 0.34726 0.297421 0.397099 0.34726 0.496777 0.34726 0.696132 0.297421 0.297421 0.297421 0.51641 0.34726 0.446938 0.247582 0.397099 0.446938 0.247582 0.496777 0.147905 0.098066 0.297421 0.098066 0.048227 0.247582 0.147905 0.098066 0.098066 0.048227 0.397099 0.147905 0.197743 0.048227
0.302429 0.197743 0.247582 0.397099 0.247582 0.147905 0.197743 0.397099 0.197743 0.34726 0.496746 0.247582 0.247582 0.397099 0.203585 0.197743 0.34726 0.247582 0.147905 0.247582 0.197743 0.147905 0.247582 0.147905 0.397099 0.197743 0.197743 0.390222 0.34726 0.247582 0.297421 0.34726 0.397099 0.247582 0.247582 0.330874 0.330874 0.390222 0.568267 0.496777 0.297421 0.34726 0.397099 0.247582 0.496777 0.496777 0.446938 0.496777 0.397099 0.34726 0.297421 0.397099 0.34726 0.355924 0.319498 0.302429 0.496777 0.297421 0.496777 0.446938 0.197743 0.34726 0.546615 0.596454 0.195438 0.248933 0.34726 0.302429 0.34726 0.247582 0.197743 0.297421 0.247582 0.397099 0.197743 0.546615 0.147905 0.247582 0.197743 0.409419 0.247582 0.397099 0.147905 0.297421 0.297421 0.147905 0.34726 -0.10129 0.098066 0.297421 0.147905 0.048227 0.297421 0.147905 -0.051451 0.098066 0.098066 0.34726 0.098066 0.098066 -0.051451 -0.001612
0.409419 0.34726 0.34726 0.446938 0.446938 0.247582 0.34726 0.446938 0.34726 0.546615 0.496746 0.34726 0.446938 0.496777 0.262217 0.297421 0.446938 0.34726 0.397099 0.34726 0.34726 0.34726 0.34726 0.34726 0.496777 0.34726 0.247582 0.44957 0.496777 0.397099 0.446938 0.496777 0.646293 0.397099 0.397099 0.390222 0.390222 0.390222 0.568267 0.646293 0.34726 0.446938 0.546615 0.34726 0.596454 0.646293 0.596454 0.646293 0.546615 0.446938 0.34726 0.546615 0.446938 0.462914 0.421936 0.409419 0.596454 0.397099 0.546615 0.596454 0.247582 0.446938 0.596454 0.646293 0.355924 0.409419 0.446938 0.409419 0.446938 0.397099 0.34726 0.446938 0.397099 0.496777 0.34726 0.596454 0.397099 0.297421 0.397099 0.462914 0.397099 0.496777 0.34726 0.446938 0.397099 0.297421 0.446938 0.098066 0.098066 0.247582 0.247582 0.098066 0.34726 0.247582 0.048227 0.098066 0.147905 0.397099 0.34726 0.197743 0.297421 0.147905 0.197743
0.355924 0.34726 0.496777 0.446938 0.496777 0.297421 0.446938 0.496777 0.297421 0.596454 0.555378 0.397099 0.34726 0.496777 0.262217 0.34726 0.446938 0.446938 0.446938 0.446938 0.397099 0.397099 0.446938 0.397099 0.596454 0.397099 0.34726 0.44957 0.446938 0.34726 0.397099 0.446938 0.496777 0.34726 0.247582 0.508919 0.508919 0.568267 0.568267 0.397099 0.446938 0.397099 0.496777 0.397099 0.646293 0.496777 0.546615 0.646293 0.297421 0.34726 0.496777 0.496777 0.397099 0.302429 0.524373 0.195438 0.496777 0.297421 0.496777 0.446938 0.34726 0.446938 0.496777 0.546615 0.141943 0.141943 0.446938 0.195438 0.297421 0.397099 0.34726 0.34726 0.397099 0.446938 0.397099 0.446938 0.446938 0.446938 0.446938 0.355924 0.397099 0.596454 0.397099 0.446938 0.297421 0.297421 0.34726 0.147905 0.197743 0.147905 0.197743 0.297421 0.048227 0.147905 0.297421 0.147905 0.048227 -0.001612 0.197743 0.34726 0.446938 0.546615 0.34726 0.496777
0.462914 0.247582 0.397099 0.446938 0.397099 0.197743 0.34726 0.496777 0.197743 0.496777 0.496746 0.297421 0.34726 0.397099 0.027689 0.247582 0.446938 0.34726 0.247582 0.34726 0.297421 0.297421 0.34726 0.297421 0.496777 0.297421 0.247582 0.390222 0.34726 0.247582 0.297421 0.34726 0.596454 0.247582 0.247582 0.330874 0.330874 0.390222 0.508919 0.496777 0.34726 0.397099 0.397099 0.297421 0.546615 0.496777 0.446938 0.546615 0.397099 0.34726 0.397099 0.496777 0.397099 0.409419 0.421936 0.302429 0.596454 0.297421 0.496777 0.546615 0.247582 0.446938 0.496777 0.546615 0.141943 0.248933 0.446938 0.302429 0.397099 0.297421 0.247582 0.247582 0.297421 0.446938 0.297421 0.546615 0.34726 0.34726 0.34726 0.462914 0.297421 0.496777 0.297421 0.446938 0.297421 0.197743 0.34726 -0.151129 0.048227 0.098066 0.147905 0.197743 0.197743 0.098066 0.098066 -0.051451 0.197743 0.098066 0.197743 0.048227 0.147905 0.247582 0.098066 0.197743 0.247582
0.248933 0.098066 0.197743 0.297421 0.197743 0.048227 0.147905 0.297421 0.098066 0.297421 0.379482 0.147905 0.197743 0.297421 0.027689 0.098066 0.247582 0.147905 0.098066 0.147905 0.147905 0.098066 0.147905 0.098066 0.297421 0.147905 0.098066 0.271526 0.247582 0.147905 0.197743 0.247582 0.397099 0.147905 0.147905 0.212178 0.212178 0.271526 0.44957 0.397099 0.197743 0.247582 0.297421 0.147905 0.397099 0.397099 0.34726 0.397099 0.297421 0.247582 0.197743 0.297421 0.247582 0.248933 0.217061 0.195438 0.397099 0.197743 0.34726 0.34726 0.098066 0.247582 0.397099 0.446938 0.034952 0.141943 0.247582 0.195438 0.247582 0.147905 0.098066 0.147905 0.147905 0.297421 0.147905 0.446938 0.147905 0.147905 0.147905 0.302429 0.147905 0.297421 0.098066 0.247582 0.197743 0.048227 0.247582 -0.10129 0.098066 0.048227 0.048227 0.048227 0.197743 0.048227 -0.151129 0.048227 0.098066 0.147905 0.048227 0.098066 0.098066 0.147905 0.048227 0.147905 0.048227 -0.250806
0.355924 0.147905 0.297421 0.34726 0.297421 0.098066 0.247582 0.397099 0.098066 0.397099 0.379482 0.197743 0.247582 0.297421 -0.030943 0.147905 0.34726 0.247582 0.147905 0.247582 0.197743 0.197743 0.247582 0.197743 0.397099 0.197743 0.147905 0.330874 0.247582 0.147905 0.197743 0.247582 0.496777 0.147905 0.147905 0.271526 0.271526 0.330874 0.44957 0.397099 0.247582 0.297421 0.297421 0.197743 0.446938 0.397099 0.34726 0.446938 0.297421 0.247582 0.297421 0.397099 0.297421 0.302429 0.319498 0.195438 0.496777 0.197743 0.397099 0.446938 0.147905 0.34726 0.397099 0.446938 0.034952 0.141943 0.34726 0.195438 0.297421 0.197743 0.147905 0.147905 0.197743 0.34726 0.197743 0.446938 0.247582 0.247582 0.247582 0.355924 0.197743 0.397099 0.197743 0.34726 0.197743 0.098066 0.247582 -0.051451 -0.001612 0.098066 0.098066 0.098066 0.048227 -0.051451 0.098066 -0.051451 0.048227 0.048227 0.098066 0.048227 0.147905 0.197743 0.048227 0.197743 0.247582 -0.200967 -0.10129
0.265107 0.144953 0.262217 0.320849 0.262217 0.086321 0.203585 0.320849 0.144953 0.379482 0.379482 0.203585 0.203585 0.320849 0.144953 0.144953 0.262217 0.203585 0.203585 0.203585 0.203585 0.144953 0.203585 0.144953 0.320849 0.203585 0.144953 0.222515 0.262217 0.203585 0.262217 0.262217 0.379482 0.203585 0.144953 0.294766 0.222515 0.294766 0.439269 0.320849 0.203585 0.203585 0.320849 0.203585 0.438114 0.379482 0.379482 0.496746 0.203585 0.262217 0.203585 0.320849 0.262217 0.265107 0.287165 0.201348 0.379482 0.203585 0.379482 0.320849 0.144953 0.262217 0.438114 0.496746 0.07383 0.137589 0.262217 0.201348 0.203585 0.144953 0.144953 0.203585 0.203585 0.320849 0.203585 0.379482 0.203585 0.203585 0.203585 0.328866 0.203585 0.379482 0.144953 0.262217 0.203585 0.086321 0.203585 0.027689 -0.030943 -0.030943 0.027689 -0.030943 0.144953 0.027689 0.027689 0.027689 0.027689 0.086321 0.144953 0.144953 0.144953 0.086321 0.086321 0.144953 0.262217 0.027689 -0.089576 -0.148208
0.302429 0.197743 0.297421 0.34726 0.297421 0.147905 0.247582 0.34726 0.197743 0.397099 0.438114 0.247582 0.247582 0.397099 0.144953 0.197743 0.297421 0.247582 0.197743 0.247582 0.247582 0.197743 0.247582 0.197743 0.397099 0.247582 0.197743 0.330874 0.34726 0.247582 0.297421 0.34726 0.397099 0.247582 0.197743 0.330874 0.330874 0.390222 0.508919 0.397099 0.297421 0.297421 0.397099 0.247582 0.496777 0.446938 0.446938 0.496777 0.297421 0.297421 0.297421 0.34726 0.297421 0.302429 0.319498 0.248933 0.397099 0.247582 0.34726 0.34726 0.197743 0.297421 0.397099 0.446938 0.088448 0.195438 0.297421 0.248933 0.247582 0.247582 0.197743 0.197743 0.247582 0.34726 0.247582 0.446938 0.247582 0.247582 0.247582 0.355924 0.247582 0.397099 0.197743 0.297421 0.247582 0.147905 0.297421 -0.10129 -0.10129 -0.10129 0.048227 -0.10129 0.048227 -0.001612 -0.051451 -0.051451 0.048227 0.048227 0.098066 -0.001612 0.048227 0.098066 -0.001612 0.098066 0.197743 -0.200967 -0.200967 -0.151129 -0.148208
0.409419 0.247582 0.34726 0.446938 0.34726 0.197743 0.297421 0.446938 0.247582 0.446938 0.496746 0.297421 0.34726 0.446938 0.203585 0.247582 0.397099 0.297421 0.297421 0.297421 0.297421 0.247582 0.297421 0.247582 0.446938 0.297421 0.247582 0.390222 0.397099 0.297421 0.34726 0.397099 0.546615 0.297421 0.297421 0.330874 0.330874 0.390222 0.568267 0.546615 0.34726 0.397099 0.446938 0.297421 0.546615 0.546615 0.496777 0.546615 0.446938 0.397099 0.34726 0.446938 0.397099 0.409419 0.370717 0.355924 0.546615 0.34726 0.546615 0.496777 0.247582 0.397099 0.596454 0.646293 0.248933 0.302429 0.397099 0.355924 0.397099 0.297421 0.247582 0.34726 0.297421 0.446938 0.297421 0.596454 0.297421 0.297421 0.297421 0.462914 0.297421 0.446938 0.247582 0.397099 0.34726 0.197743 0.397099 -0.051451 0.098066 0.297421 0.048227 0.098066 0.297421 0.048227 -0.10129 0.048227 0.098066 0.34726 -0.001612 0.147905 0.147905 -0.001612 -0.051451 0.197743 0.34726 0.048227 -0.10129 0.098066 -0.030943 -0.001612
0.302429 0.197743 0.297421 0.34726 0.297421 0.147905 0.247582 0.34726 0.197743 0.397099 0.438114 0.247582 0.247582 0.397099 0.144953 0.197743 0.297421 0.247582 0.247582 0.247582 0.247582 0.197743 0.247582 0.197743 0.397099 0.247582 0.197743 0.330874 0.34726 0.247582 0.297421 0.34726 0.397099 0.247582 0.197743 0.330874 0.330874 0.390222 0.508919 0.397099 0.297421 0.297421 0.397099 0.247582 0.496777 0.446938 0.446938 0.496777 0.297421 0.297421 0.297421 0.34726 0.297421 0.302429 0.319498 0.248933 0.397099 0.247582 0.397099 0.34726 0.197743 0.297421 0.446938 0.496777 0.141943 0.195438 0.297421 0.248933 0.247582 0.247582 0.197743 0.247582 0.247582 0.34726 0.247582 0.446938 0.247582 0.247582 0.247582 0.355924 0.247582 0.397099 0.197743 0.297421 0.247582 0.147905 0.297421 -0.151129 -0.051451 -0.051451 -0.001612 -0.051451 -0.001612 -0.001612 -0.151129 -0.10129 -0.001612 -0.051451 0.098066 -0.001612 0.048227 0.098066 -0.001612 0.098066 0.098066 -0.051451 -0.10129 -0.151129 -0.148208 -0.200967 0.048227 0
