0
0.055621
0.012881 0.055621
-0.029859 0.141101 -0.029859
0.141101 0.012881 0.141101 0.269322
0.012881 0.012881 -0.029859 0.141101 0.012881
0.055621 0.098361 0.098361 0.055621 0.226582 0.098361
0.141101 0.141101 0.226582 0.312062 0.055621 0.055621 0.141101
0.098361 0.183842 -0.029859 0.055621 0.269322 0.141101 0.012881 0.226582
0.004724 0.055196 0.156141 0.055196 0.055196 0.105669 0.156141 0.055196 0.156141
0.055621 0.012881 0.183842 0.183842 0.183842 0.141101 0.098361 0.012881 0.141101 0.004724
0.055621 0.226582 0.183842 0.226582 0.269322 0.141101 0.269322 0.440282 0.312062 0.206614 0.440282
0.055621 0.055621 0.098361 0.098361 0.055621 0.098361 0.183842 0.183842 0.269322 -0.096221 0.226582 0.183842
0.098361 0.098361 0.269322 0.312062 0.183842 0.141101 0.354802 0.397542 0.354802 0.206614 0.312062 -0.115339 0.269322
0.141101 0.183842 0.183842 0.312062 0.269322 0.226582 0.055621 0.226582 0.141101 0.156141 0.183842 0.183842 0.226582 0.269322
0.012881 0.226582 0.098361 -0.072599 0.397542 0.141101 0.055621 0.312062 0.098361 0.206614 0.012881 0.354802 0.312062 0.312062 0.312062
0.098361 0.226582 0.183842 0.141101 0.269322 0.226582 0.141101 0.354802 0.226582 0.156141 0.440282 0.141101 0.012881 0.269322 0.226582 0.269322
0.055621 0.012881 0.055621 -0.029859 0.141101 0.098361 -0.029859 0.183842 0.098361 -0.045749 0.012881 0.312062 -0.029859 0.312062 0.226582 -0.029859 0.141101
0.206614 0.055196 0.206614 0.105669 0.307558 0.156141 0.307558 0.408503 0.206614 0.206614 0.307558 0.257086 0.206614 0.206614 0.358031 0.307558 0.307558 0.307558
-0.158079 0.012881 -0.072599 0.141101 0.012881 -0.029859 0.141101 0.141101 0.183842 0.105669 0.098361 0.098361 0.098361 0.012881 0.141101 0.141101 0.183842 0.141101 0.307558
0.098361 0.098361 0.183842 0.226582 0.226582 0.141101 0.098361 0.312062 0.141101 0.307558 0.183842 0.312062 0.354802 0.269322 0.269322 0.269322 0.397542 0.269322 0.257086 0.055621
-0.029859 0.098361 0.012881 -0.072599 0.226582 0.012881 0.012881 0.183842 0.098361 0.105669 0.098361 0.141101 0.183842 0.055621 0.226582 -0.115339 0.226582 0.012881 0.156141 -0.029859 0.183842
0.105669 0.105669 -0.096221 0.004724 0.105669 0.055196 0.055196 0.257086 0.105669 0.055196 0.206614 0.206614 0.055196 0.358031 0.105669 0.156141 0.307558 -0.045749 0.257086 0.055196 0.257086 0.004724
0.012881 0.055621 0.012881 0.098361 0.012881 -0.072599 0.098361 0.141101 0.141101 0.055196 0.269322 0.098361 -0.029859 0.226582 0.141101 0.226582 0.141101 0.055621 0.206614 -0.029859 0.226582 0.012881 -0.045749
0.098361 0.098361 -0.072599 0.012881 0.141101 0.098361 0.098361 0.269322 0.098361 0.105669 0.226582 0.226582 0.183842 0.226582 0.226582 0.141101 0.312062 0.012881 0.307558 0.055621 0.098361 0.055621 -0.146693 0.098361
-0.072599 0.012881 0.055621 -0.029859 0.183842 -0.029859 0.055621 0.226582 0.098361 0.004724 0.098361 0.183842 0.012881 0.312062 0.269322 0.098361 0.226582 -0.029859 0.156141 0.098361 0.098361 0.012881 0.055196 -0.115339 0.098361
0.012881 0.141101 0.141101 0.183842 0.183842 0.226582 0.183842 0.269322 0.226582 0.055196 0.183842 0.098361 0.055621 0.098361 0.141101 0.269322 0.141101 0.098361 0.408503 0.012881 0.226582 0.183842 0.156141 0.226582 0.141101 0.226582
0.105669 0.307558 -0.045749 0.156141 0.358031 0.055196 0.307558 0.408503 0.206614 0.458976 0.458976 0.206614 0.458976 0.307558 0.408503 0.257086 0.458976 0.408503 0.307558 0.105669 0.307558 0.156141 0.206614 0.206614 0.206614 0.257086 0.408503
0.141101 0.269322 0.312062 0.226582 0.312062 0.141101 0.183842 0.269322 0.269322 0.257086 0.397542 0.397542 0.269322 0.397542 0.312062 0.354802 0.312062 0.226582 0.408503 0.183842 0.354802 0.269322 0.358031 0.141101 0.312062 0.226582 0.354802 0.307558
-0.115339 0.098361 0.012881 0.012881 0.183842 0.055621 0.012881 0.141101 0.098361 0.105669 0.055621 0.141101 0.141101 0.141101 0.141101 -0.158079 0.098361 0.012881 0.307558 -0.029859 0.226582 -0.072599 0.055196 0.055621 0.055621 0.098361 0.098361 0.156141 0.269322
-0.072599 0.098361 0.055621 0.055621 0.183842 0.012881 0.141101 0.354802 0.226582 0.105669 0.269322 -0.029859 0.055621 -0.029859 0.141101 0.098361 0.055621 0.055621 0.105669 0.055621 0.269322 -0.029859 0.055196 -0.029859 0.141101 0.012881 0.141101 0.206614 0.269322 -0.029859
-0.029859 0.098361 0.012881 -0.029859 0.141101 0.055621 0.012881 0.269322 0.141101 0.004724 0.141101 0.098361 0.012881 0.098361 0.098361 -0.029859 0.012881 -0.029859 0.206614 -0.029859 0.269322 0.012881 0.004724 -0.029859 0.055621 0.098361 0.055621 0.307558 0.183842 -0.072599 -0.115339
0.012881 0.098361 0.012881 -0.029859 0.183842 0.141101 0.098361 0.354802 0.055621 0.156141 0.312062 0.055621 0.055621 0.141101 0.141101 0.183842 0.098361 0.141101 0.105669 0.055621 0.226582 0.055621 0.055196 0.012881 0.012881 0.141101 0.141101 0.156141 0.226582 0.055621 0.055621 0.012881
0.141101 0.141101 0.012881 0.183842 0.226582 0.141101 0.141101 0.354802 0.141101 0.257086 0.312062 0.012881 0.098361 0.098361 0.098361 0.226582 0.098361 0.141101 0.307558 0.098361 0.354802 0.183842 0.105669 0.141101 0.141101 0.226582 0.183842 0.206614 0.354802 0.012881 0.141101 0.055621 0.012881
0.021395 0.163594 0.163594 -0.073404 0.305793 0.163594 0.068795 0.305793 0.021395 0.071011 0.163594 0.068795 0.116195 0.116195 0.210994 -0.026004 0.258394 -0.026004 0.128112 0.163594 0.163594 -0.026004 -0.043192 0.116195 0.021395 -0.026004 0.068795 0.356516 0.305793 0.116195 0.116195 0.021395 0.021395 0.116195
0.012881 0.098361 0.141101 0.055621 0.098361 0.055621 0.141101 0.312062 0.183842 0.206614 0.312062 0.141101 0.226582 0.183842 0.312062 0.012881 0.226582 0.183842 0.156141 -0.029859 0.183842 -0.029859 0.105669 -0.072599 0.183842 0.012881 0.312062 0.156141 0.226582 -0.029859 0.012881 0.012881 0.141101 0.269322 0.068795
-0.068939 0.122644 0.074748 0.074748 0.17054 0.122644 0.17054 0.266331 0.17054 0.078225 0.266331 0.17054 0.074748 0.122644 0.17054 0.122644 0.122644 0.026852 0.193871 -0.021043 0.17054 -0.021043 0.078225 0.074748 0.122644 0.17054 -0.021043 0.193871 0.266331 0.026852 -0.021043 -0.021043 0.074748 0.17054 -0.0694 0.122644
-0.029859 0.183842 -0.029859 0.055621 0.098361 0.183842 0.269322 0.397542 0.269322 0.206614 0.483023 0.055621 -0.029859 0.141101 0.269322 0.269322 0.055621 0.183842 0.257086 0.012881 0.269322 0.098361 0.105669 0.012881 0.141101 0.226582 0.055621 0.156141 0.397542 0.012881 -0.072599 0.012881 -0.029859 0.098361 0.163594 0.098361 -0.068939
-0.115339 0.098361 -0.029859 0.012881 0.141101 -0.029859 0.055621 0.183842 0.098361 0.055196 0.312062 0.183842 0.012881 0.226582 0.183842 0.055621 -0.029859 0.055621 0.307558 -0.072599 0.183842 0.012881 0.055196 -0.072599 0.098361 0.055621 0.098361 0.156141 0.141101 -0.115339 -0.029859 -0.115339 0.055621 0.141101 0.163594 -0.072599 -0.068939 -0.072599
0.012881 0.183842 0.098361 0.226582 0.183842 0.055621 0.354802 0.354802 0.354802 0.307558 0.483023 0.141101 0.141101 0.183842 0.354802 0.354802 0.312062 0.312062 0.358031 -0.072599 0.269322 0.141101 0.156141 0.012881 0.141101 0.141101 0.226582 0.156141 0.269322 0.141101 0.055621 0.141101 0.141101 0.269322 0.258394 -0.029859 0.122644 0.012881 -0.029859
-0.029859 0.226582 0.012881 0.055621 0.055621 0.098361 0.183842 0.226582 0.183842 0.156141 0.354802 0.183842 0.141101 0.226582 0.269322 0.012881 0.055621 0.098361 0.358031 0.012881 0.354802 0.012881 0.105669 -0.072599 0.141101 0.226582 0.183842 0.206614 0.312062 -0.158079 -0.029859 -0.115339 0.098361 0.141101 0.163594 -0.072599 -0.068939 -0.158079 -0.20082 0.098361
0.012881 0.141101 0.141101 -0.029859 0.226582 0.141101 0.183842 0.354802 0.226582 0.156141 0.312062 0.269322 0.183842 0.269322 0.397542 -0.029859 0.226582 0.055621 0.257086 0.098361 0.226582 -0.072599 0.156141 0.012881 0.141101 -0.029859 0.269322 0.358031 0.354802 -0.115339 -0.029859 -0.029859 0.141101 0.354802 0.068795 -0.20082 0.074748 0.055621 -0.072599 0.055621 -0.072599
0.055621 -0.029859 0.098361 0.141101 0.055621 -0.029859 0.141101 0.141101 0.226582 0.055196 0.183842 0.269322 0.141101 0.226582 0.269322 0.141101 0.226582 0.098361 0.257086 -0.029859 0.183842 0.012881 0.055196 -0.029859 0.098361 0.141101 0.226582 0.358031 0.269322 0.098361 0.098361 0.012881 0.183842 0.312062 0.116195 0.012881 0.074748 0.141101 -0.115339 0.141101 0.012881 0.098361
0.098361 0.141101 0.012881 0.226582 0.183842 0.055621 0.269322 0.397542 0.354802 0.307558 0.440282 0.269322 0.269322 0.312062 0.354802 0.312062 0.354802 0.226582 0.458976 -0.029859 0.269322 0.055621 0.055196 0.012881 0.098361 0.226582 0.269322 0.307558 0.440282 0.098361 0.055621 0.098361 0.226582 0.354802 0.258394 0.012881 0.074748 0.055621 -0.072599 -0.029859 0.012881 0.012881 -0.029859
0.098361 0.183842 0.226582 0.141101 0.055621 0.183842 0.269322 0.183842 0.269322 0.004724 0.226582 0.440282 0.055621 0.440282 0.397542 0.269322 0.226582 0.055621 0.307558 0.183842 0.312062 0.183842 0.206614 0.012881 0.269322 0.098361 0.269322 0.509448 0.354802 0.226582 0.183842 0.098361 0.226582 0.440282 0.163594 0.183842 0.074748 0.098361 0.012881 0.312062 0.012881 0.098361 0.012881 0.269322
0.048788 0.09452 0.003056 0.140253 0.048788 0.09452 0.185985 0.140253 0.09452 -0.06241 0.185985 0.09452 -0.042677 0.185985 0.140253 0.27745 0.09452 0.09452 0.211084 0.048788 0.185985 0.185985 0.046988 0.140253 0.048788 0.09452 -0.042677 0.211084 0.323182 0.048788 0.140253 0.09452 0.003056 0.003056 0.113297 0.27745 0.068539 0.048788 0.003056 0.140253 0.140253 0.185985 0.140253 0.231717 0.185985
-0.029859 0.098361 -0.072599 0.141101 0.012881 0.012881 0.141101 0.226582 0.183842 0.105669 0.312062 0.098361 -0.029859 0.226582 0.183842 0.354802 0.183842 0.141101 0.307558 -0.072599 0.141101 0.098361 -0.096221 -0.115339 0.055621 0.055621 0.098361 0.105669 0.269322 0.141101 0.012881 0.055621 0.055621 0.141101 0.210994 0.098361 -0.021043 -0.158079 -0.072599 -0.072599 0.012881 0.183842 0.012881 -0.072599 0.055621 -0.042677
0.012881 0.183842 0.055621 -0.029859 0.141101 0.098361 0.098361 0.269322 0.183842 0.105669 0.269322 0.055621 0.055621 0.141101 0.183842 0.012881 0.098361 0.012881 0.257086 0.055621 0.312062 -0.029859 0.004724 -0.029859 0.055621 0.141101 0.141101 0.156141 0.226582 -0.115339 -0.072599 -0.115339 0.012881 0.012881 0.021395 0.012881 -0.068939 -0.072599 -0.029859 0.098361 -0.158079 -0.029859 0.098361 0.098361 0.141101 0.09452 0.055621
-0.029859 0.141101 -0.029859 0.098361 0.183842 -0.029859 0.141101 0.269322 0.226582 0.206614 0.354802 0.226582 0.183842 0.269322 0.269322 0.141101 0.226582 0.141101 0.307558 -0.072599 0.269322 -0.029859 0.004724 -0.072599 0.055621 0.183842 0.226582 0.156141 0.226582 0.012881 0.012881 -0.029859 0.141101 0.269322 0.163594 -0.029859 -0.021043 0.012881 -0.20082 -0.029859 -0.115339 0.055621 -0.115339 -0.158079 0.183842 0.231717 -0.072599 -0.029859
0.163594 0.163594 0.116195 0.163594 0.305793 0.068795 0.068795 0.258394 0.258394 0.299415 0.305793 0.210994 0.210994 0.305793 0.163594 0.258394 0.210994 0.210994 0.242314 0.163594 0.258394 0.163594 0.128112 0.163594 0.210994 0.258394 0.210994 0.299415 0.305793 0.116195 0.116195 0.116195 0.163594 0.116195 0.258394 0.210994 0.092076 0.163594 0.068795 0.305793 0.163594 0.258394 0.021395 0.021395 0.353193 0.215514 0.210994 0.116195 0.021395
0.098361 0.098361 0.012881 0.141101 0.183842 0.012881 0.141101 0.312062 0.226582 0.206614 0.354802 0.183842 0.183842 0.269322 0.226582 0.226582 0.183842 0.141101 0.257086 0.012881 0.312062 0.012881 0.055196 -0.072599 0.098361 0.141101 0.269322 0.156141 0.269322 0.098361 0.055621 -0.029859 0.141101 0.141101 0.163594 0.012881 0.026852 0.141101 -0.029859 0.141101 0.012881 0.141101 -0.029859 -0.029859 0.226582 0.231717 0.012881 0.055621 -0.072599 0.068795
0.012881 0.098361 0.055621 0.141101 0.226582 -0.029859 0.183842 0.312062 0.269322 0.206614 0.226582 0.183842 0.226582 0.183842 0.312062 0.098361 0.312062 0.098361 0.257086 0.012881 0.183842 -0.029859 0.105669 0.012881 0.098361 0.098361 0.226582 0.257086 0.354802 0.055621 -0.029859 0.055621 0.183842 0.269322 0.116195 0.055621 0.026852 0.055621 0.012881 0.012881 0.012881 0.012881 -0.115339 -0.158079 0.141101 0.231717 0.055621 0.012881 -0.072599 0.021395 0.055621
-0.072599 0.098361 0.141101 0.098361 0.012881 0.012881 0.226582 0.141101 0.226582 0.004724 0.226582 0.183842 0.012881 0.098361 0.312062 0.183842 0.183842 0.141101 0.206614 -0.072599 0.141101 0.012881 0.156141 0.012881 0.141101 0.055621 0.098361 0.206614 0.226582 0.141101 0.055621 0.098361 0.098361 0.312062 0.116195 0.055621 -0.116835 0.012881 -0.029859 0.012881 0.012881 0.055621 0.012881 0.141101 0.012881 0.048788 -0.029859 0.098361 0.055621 0.305793 0.141101 0.055621
0.141101 -0.029859 0.141101 0.269322 0.098361 0.098361 0.269322 0.312062 0.354802 0.206614 0.312062 0.269322 0.269322 0.183842 0.312062 0.312062 0.354802 0.226582 0.358031 -0.029859 0.183842 0.098361 0.156141 0.055621 0.141101 0.141101 0.226582 0.458976 0.397542 0.141101 0.098361 0.098361 0.269322 0.354802 0.210994 -0.029859 0.17054 0.183842 0.012881 0.012881 0.141101 -0.029859 -0.072599 -0.115339 0.226582 0.185985 0.098361 0.183842 0.012881 0.258394 0.012881 -0.029859 0.055621
0.098361 0.098361 0.012881 0.269322 0.226582 -0.029859 0.269322 0.269322 0.354802 0.257086 0.397542 0.226582 0.183842 0.269322 0.312062 0.354802 0.312062 0.183842 0.458976 -0.072599 0.354802 0.012881 0.105669 -0.115339 0.141101 0.098361 0.269322 0.307558 0.312062 0.183842 0.098361 0.055621 0.269322 0.226582 0.258394 0.141101 0.122644 0.141101 0.012881 0.055621 0.098361 0.183842 -0.029859 -0.072599 0.269322 0.27745 -0.029859 0.141101 -0.072599 0.210994 -0.158079 0.012881 0.141101 -0.029859
-0.029859 0.098361 0.012881 0.098361 0.012881 0.098361 0.141101 0.141101 0.183842 0.105669 0.269322 0.141101 0.098361 0.183842 0.141101 0.226582 0.141101 0.098361 0.358031 -0.072599 0.226582 0.055621 0.055196 0.012881 0.098361 0.183842 0.055621 0.206614 0.269322 -0.029859 0.012881 0.055621 0.098361 0.098361 0.210994 0.055621 -0.021043 -0.072599 -0.029859 0.055621 -0.072599 0.055621 0.055621 -0.072599 0.141101 0.048788 -0.029859 -0.029859 0.012881 0.021395 0.055621 0.012881 0.055621 0.055621 0.012881
0.012881 -0.029859 0.012881 0.183842 0.055621 0.055621 0.098361 0.141101 0.183842 -0.045749 0.098361 0.226582 0.098361 0.226582 0.141101 0.312062 0.226582 0.055621 0.257086 -0.029859 0.141101 0.098361 0.004724 0.012881 0.098361 0.141101 0.098361 0.307558 0.269322 0.098361 0.098361 0.055621 0.141101 0.226582 0.258394 0.226582 0.074748 0.141101 0.012881 0.183842 0.098361 0.183842 0.012881 0.055621 0.098361 0.09452 -0.072599 0.141101 -0.029859 0.163594 0.055621 0.098361 0.098361 0.055621 0.055621 0.012881
0.226582 0.141101 0.226582 0.354802 0.098361 0.141101 0.440282 0.269322 0.397542 0.156141 0.312062 0.483023 0.226582 0.440282 0.483023 0.525763 0.483023 0.269322 0.358031 0.141101 0.312062 0.269322 0.206614 0.141101 0.226582 0.226582 0.312062 0.559921 0.483023 0.440282 0.354802 0.312062 0.354802 0.568503 0.305793 0.354802 0.218435 0.354802 0.226582 0.269322 0.312062 0.354802 0.055621 0.183842 0.141101 0.231717 0.098361 0.397542 0.141101 0.447992 0.226582 0.183842 0.098361 0.141101 0.183842 0.269322 0.055621
0.269322 0.226582 0.226582 0.397542 0.183842 0.141101 0.483023 0.312062 0.440282 0.206614 0.354802 0.440282 0.269322 0.397542 0.525763 0.568503 0.525763 0.312062 0.458976 0.141101 0.354802 0.269322 0.307558 0.141101 0.312062 0.183842 0.354802 0.509448 0.525763 0.483023 0.397542 0.397542 0.397542 0.525763 0.400592 0.440282 0.218435 0.397542 0.312062 0.354802 0.397542 0.397542 0.183842 0.312062 0.183842 0.27745 0.183842 0.440282 0.312062 0.542791 0.269322 0.269322 0.141101 0.269322 0.141101 0.312062 0.183842 -0.072599
0.141101 0.226582 0.141101 0.269322 0.183842 0.183842 0.397542 0.312062 0.312062 0.206614 0.354802 0.397542 0.269322 0.354802 0.440282 0.483023 0.440282 0.269322 0.408503 0.098361 0.226582 0.226582 0.257086 0.183842 0.226582 0.183842 0.226582 0.358031 0.440282 0.397542 0.312062 0.354802 0.269322 0.483023 0.258394 0.397542 0.122644 0.226582 0.226582 0.269322 0.312062 0.312062 0.226582 0.269322 0.141101 0.185985 0.098361 0.354802 0.269322 0.400592 0.312062 0.226582 0.055621 0.269322 0.226582 0.183842 0.141101 0.012881 -0.158079
0.183842 0.183842 0.183842 0.312062 0.183842 0.141101 0.354802 0.269322 0.312062 0.156141 0.312062 0.397542 0.312062 0.354802 0.397542 0.440282 0.440282 0.269322 0.358031 0.098361 0.269322 0.226582 0.206614 0.183842 0.226582 0.226582 0.269322 0.358031 0.397542 0.354802 0.354802 0.312062 0.312062 0.440282 0.305793 0.354802 0.122644 0.354802 0.226582 0.312062 0.312062 0.354802 0.141101 0.269322 0.226582 0.231717 0.183842 0.354802 0.226582 0.400592 0.226582 0.226582 0.141101 0.226582 0.183842 0.226582 0.141101 0.012881 -0.20082 -0.115339
0.183842 0.183842 0.226582 0.312062 0.269322 0.141101 0.354802 0.354802 0.354802 0.257086 0.397542 0.354802 0.312062 0.312062 0.397542 0.440282 0.397542 0.269322 0.408503 0.098361 0.269322 0.183842 0.307558 0.141101 0.226582 0.183842 0.269322 0.509448 0.397542 0.354802 0.269322 0.269322 0.312062 0.440282 0.258394 0.312062 0.17054 0.354802 0.226582 0.269322 0.312062 0.269322 0.141101 0.226582 0.269322 0.27745 0.226582 0.312062 0.226582 0.400592 0.183842 0.141101 0.141101 0.141101 0.098361 0.226582 0.183842 -0.029859 -0.029859 -0.029859 0.098361
0.226582 0.269322 0.226582 0.354802 0.269322 0.183842 0.440282 0.354802 0.397542 0.257086 0.397542 0.397542 0.312062 0.354802 0.483023 0.525763 0.483023 0.312062 0.458976 0.141101 0.312062 0.226582 0.358031 0.183842 0.312062 0.183842 0.312062 0.458976 0.483023 0.440282 0.354802 0.397542 0.354802 0.483023 0.305793 0.440282 0.17054 0.354802 0.312062 0.354802 0.397542 0.354802 0.269322 0.354802 0.226582 0.27745 0.226582 0.397542 0.354802 0.447992 0.312062 0.269322 0.141101 0.312062 0.183842 0.269322 0.226582 0.141101 -0.20082 -0.072599 -0.158079 0.098361
0.226582 0.183842 0.183842 0.354802 0.141101 0.098361 0.440282 0.269322 0.397542 0.156141 0.312062 0.397542 0.226582 0.354802 0.483023 0.525763 0.483023 0.269322 0.408503 0.098361 0.312062 0.226582 0.257086 0.098361 0.269322 0.141101 0.312062 0.458976 0.483023 0.440282 0.354802 0.354802 0.354802 0.483023 0.353193 0.397542 0.17054 0.354802 0.269322 0.312062 0.354802 0.354802 0.141101 0.269322 0.141101 0.231717 0.141101 0.397542 0.269322 0.495392 0.226582 0.226582 0.098361 0.226582 0.098361 0.269322 0.141101 -0.072599 -0.32904 -0.115339 -0.2863 0.055621 -0.24356
0.226582 0.183842 0.269322 0.354802 0.269322 0.183842 0.397542 0.397542 0.397542 0.307558 0.440282 0.440282 0.354802 0.397542 0.440282 0.483023 0.440282 0.312062 0.458976 0.141101 0.312062 0.269322 0.307558 0.183842 0.226582 0.269322 0.312062 0.610393 0.440282 0.397542 0.312062 0.269322 0.354802 0.525763 0.258394 0.312062 0.218435 0.397542 0.226582 0.269322 0.312062 0.312062 0.098361 0.183842 0.312062 0.323182 0.226582 0.354802 0.183842 0.400592 0.183842 0.141101 0.183842 0.098361 0.141101 0.269322 0.183842 -0.158079 0.055621 0.098361 0.055621 -0.115339 0.226582 0.098361
0.183842 0.183842 0.141101 0.312062 0.098361 0.141101 0.397542 0.226582 0.312062 0.156141 0.269322 0.440282 0.269322 0.397542 0.440282 0.483023 0.483023 0.269322 0.408503 0.098361 0.269322 0.269322 0.206614 0.183842 0.226582 0.226582 0.269322 0.358031 0.440282 0.397542 0.397542 0.354802 0.312062 0.483023 0.353193 0.354802 0.17054 0.312062 0.226582 0.312062 0.312062 0.397542 0.141101 0.269322 0.141101 0.185985 0.098361 0.397542 0.226582 0.400592 0.226582 0.269322 0.098361 0.269322 0.226582 0.226582 0.098361 -0.115339 -0.158079 -0.072599 -0.072599 0.012881 -0.072599 -0.115339 0.098361
0.183842 0.141101 0.226582 0.312062 0.183842 0.098361 0.354802 0.269322 0.354802 0.156141 0.312062 0.354802 0.226582 0.312062 0.397542 0.440282 0.397542 0.226582 0.358031 0.098361 0.269322 0.183842 0.257086 0.098361 0.226582 0.141101 0.269322 0.509448 0.397542 0.354802 0.269322 0.269322 0.312062 0.440282 0.258394 0.312062 0.17054 0.354802 0.226582 0.269322 0.312062 0.269322 0.098361 0.226582 0.183842 0.231717 0.183842 0.312062 0.226582 0.400592 0.183842 0.141101 0.098361 0.141101 0.098361 0.226582 0.141101 -0.029859 -0.115339 -0.029859 -0.115339 -0.115339 -0.158079 -0.20082 0.055621 -0.072599
0.226582 0.269322 0.183842 0.354802 0.183842 0.183842 0.483023 0.312062 0.397542 0.206614 0.354802 0.440282 0.269322 0.397542 0.525763 0.568503 0.525763 0.312062 0.458976 0.141101 0.312062 0.269322 0.307558 0.183842 0.312062 0.183842 0.312062 0.408503 0.525763 0.483023 0.397542 0.440282 0.354802 0.525763 0.353193 0.483023 0.218435 0.312062 0.312062 0.354802 0.397542 0.397542 0.269322 0.354802 0.141101 0.231717 0.141101 0.440282 0.354802 0.495392 0.354802 0.312062 0.098361 0.354802 0.226582 0.269322 0.183842 0.012881 -0.158079 -0.115339 -0.029859 0.141101 -0.2863 -0.24356 0.269322 -0.158079 -0.115339
0.183842 0.183842 0.269322 0.312062 0.269322 0.183842 0.354802 0.354802 0.354802 0.257086 0.397542 0.397542 0.312062 0.354802 0.397542 0.440282 0.397542 0.269322 0.408503 0.141101 0.269322 0.226582 0.307558 0.183842 0.226582 0.226582 0.269322 0.559921 0.397542 0.354802 0.269322 0.269322 0.312062 0.483023 0.258394 0.312062 0.17054 0.354802 0.226582 0.269322 0.312062 0.269322 0.141101 0.226582 0.269322 0.27745 0.226582 0.312062 0.226582 0.400592 0.226582 0.141101 0.141101 0.141101 0.183842 0.226582 0.183842 0.055621 0.055621 0.098361 -0.029859 -0.029859 -0.072599 -0.029859 -0.072599 0.098361 -0.158079 0.098361
0.269322 0.269322 0.141101 0.397542 0.226582 0.183842 0.483023 0.397542 0.397542 0.358031 0.440282 0.483023 0.440282 0.440282 0.525763 0.568503 0.568503 0.397542 0.559921 0.098361 0.354802 0.312062 0.307558 0.226582 0.269322 0.312062 0.354802 0.408503 0.525763 0.483023 0.483023 0.397542 0.397542 0.525763 0.400592 0.397542 0.218435 0.397542 0.269322 0.354802 0.354802 0.483023 0.183842 0.269322 0.312062 0.323182 0.183842 0.483023 0.226582 0.447992 0.183842 0.312062 0.226582 0.269322 0.141101 0.312062 0.183842 -0.115339 -0.072599 0.012881 0.055621 -0.072599 0.098361 -0.029859 0.012881 -0.158079 0.098361 0.012881 0.141101
0.269322 0.269322 0.269322 0.397542 0.312062 0.269322 0.483023 0.483023 0.440282 0.358031 0.525763 0.525763 0.440282 0.483023 0.525763 0.568503 0.525763 0.397542 0.509448 0.183842 0.354802 0.354802 0.307558 0.269322 0.269322 0.354802 0.354802 0.559921 0.525763 0.483023 0.397542 0.354802 0.397542 0.611243 0.353193 0.397542 0.266331 0.397542 0.269322 0.312062 0.354802 0.397542 0.183842 0.226582 0.354802 0.368915 0.226582 0.440282 0.226582 0.495392 0.269322 0.226582 0.226582 0.183842 0.226582 0.312062 0.226582 -0.029859 0.141101 0.183842 0.183842 0.012881 0.269322 0.183842 -0.072599 0.098361 0.141101 0.269322 0.098361 0.012881
0.312062 0.269322 0.312062 0.440282 0.354802 0.226582 0.483023 0.483023 0.483023 0.358031 0.525763 0.483023 0.440282 0.440282 0.525763 0.568503 0.525763 0.397542 0.509448 0.183842 0.397542 0.312062 0.358031 0.226582 0.312062 0.312062 0.354802 0.610393 0.525763 0.483023 0.397542 0.354802 0.440282 0.568503 0.353193 0.397542 0.314227 0.483023 0.312062 0.354802 0.397542 0.397542 0.183842 0.269322 0.397542 0.368915 0.312062 0.440282 0.269322 0.495392 0.226582 0.226582 0.269322 0.183842 0.141101 0.354802 0.269322 0.055621 0.012881 0.183842 0.012881 -0.029859 0.141101 0.055621 0.012881 0.012881 -0.029859 0.269322 0.055621 0.098361 -0.029859
0.226582 0.183842 0.269322 0.354802 0.226582 0.141101 0.440282 0.354802 0.440282 0.257086 0.397542 0.397542 0.312062 0.354802 0.483023 0.440282 0.483023 0.312062 0.358031 0.141101 0.354802 0.183842 0.257086 0.141101 0.226582 0.269322 0.354802 0.559921 0.483023 0.354802 0.269322 0.269322 0.354802 0.525763 0.258394 0.269322 0.218435 0.354802 0.226582 0.226582 0.269322 0.269322 0.055621 0.141101 0.269322 0.323182 0.183842 0.312062 0.098361 0.400592 0.183842 0.098361 0.141101 0.098361 0.141101 0.269322 0.141101 -0.158079 0.012881 0.183842 0.055621 -0.029859 0.183842 0.055621 -0.115339 0.012881 0.012881 0.226582 0.012881 0.012881 -0.115339 -0.072599
0.354802 0.269322 0.354802 0.440282 0.312062 0.226582 0.483023 0.397542 0.483023 0.307558 0.440282 0.525763 0.440282 0.483023 0.525763 0.568503 0.568503 0.397542 0.509448 0.226582 0.440282 0.354802 0.358031 0.269322 0.354802 0.354802 0.440282 0.610393 0.525763 0.483023 0.483023 0.397542 0.483023 0.568503 0.400592 0.440282 0.314227 0.568503 0.354802 0.440282 0.440282 0.483023 0.183842 0.354802 0.397542 0.414647 0.354802 0.483023 0.312062 0.447992 0.269322 0.312062 0.312062 0.269322 0.226582 0.354802 0.269322 0.012881 0.012881 0.141101 0.141101 0.012881 0.226582 0.141101 -0.029859 0.012881 0.055621 0.269322 0.226582 0.098361 0.183842 0.055621 0.098361
0.226582 0.226582 0.312062 0.354802 0.183842 0.226582 0.440282 0.269322 0.397542 0.156141 0.312062 0.483023 0.226582 0.440282 0.483023 0.525763 0.483023 0.269322 0.408503 0.226582 0.312062 0.312062 0.307558 0.226582 0.312062 0.226582 0.312062 0.559921 0.483023 0.440282 0.354802 0.397542 0.354802 0.568503 0.305793 0.440282 0.218435 0.354802 0.312062 0.354802 0.397542 0.354802 0.226582 0.354802 0.141101 0.231717 0.183842 0.397542 0.354802 0.447992 0.397542 0.269322 0.098361 0.312062 0.354802 0.269322 0.183842 0.055621 0.098361 0.055621 0.098361 0.183842 -0.029859 0.055621 0.183842 0.055621 -0.029859 -0.072599 0.098361 0.226582 0.312062 0.397542 0.226582 0.354802
0.269322 0.226582 0.226582 0.397542 0.141101 0.226582 0.525763 0.354802 0.440282 0.206614 0.397542 0.568503 0.312062 0.525763 0.568503 0.611243 0.568503 0.354802 0.458976 0.183842 0.354802 0.397542 0.206614 0.226582 0.269322 0.312062 0.354802 0.509448 0.568503 0.525763 0.440282 0.397542 0.397542 0.653983 0.400592 0.440282 0.266331 0.354802 0.269322 0.312062 0.354802 0.440282 0.141101 0.226582 0.183842 0.27745 0.098361 0.483023 0.226582 0.542791 0.312062 0.269322 0.141101 0.226582 0.269322 0.312062 0.141101 -0.20082 -0.029859 0.012881 0.055621 0.098361 0.098361 0.012881 0.012881 -0.115339 0.098361 0.012881 0.098361 -0.029859 0.055621 0.141101 0.012881 0.098361 0.141101
0.141101 0.098361 0.141101 0.269322 0.098361 0.098361 0.354802 0.269322 0.312062 0.156141 0.312062 0.397542 0.226582 0.354802 0.397542 0.440282 0.397542 0.226582 0.358031 0.055621 0.226582 0.226582 0.156141 0.098361 0.141101 0.183842 0.226582 0.458976 0.397542 0.354802 0.269322 0.226582 0.269322 0.483023 0.210994 0.269322 0.122644 0.269322 0.141101 0.183842 0.226582 0.269322 0.012881 0.098361 0.141101 0.185985 0.055621 0.312062 0.098361 0.353193 0.141101 0.098361 0.055621 0.055621 0.098361 0.183842 0.055621 -0.158079 0.012881 -0.029859 -0.029859 -0.029859 0.098361 -0.029859 -0.20082 -0.029859 0.012881 0.055621 -0.029859 0.012881 0.012881 0.055621 -0.029859 0.055621 -0.029859 -0.2863
0.226582 0.141101 0.183842 0.354802 0.098361 0.098361 0.440282 0.269322 0.397542 0.105669 0.312062 0.440282 0.226582 0.397542 0.483023 0.525763 0.483023 0.269322 0.358031 0.098361 0.312062 0.269322 0.156141 0.098361 0.226582 0.183842 0.312062 0.458976 0.483023 0.440282 0.354802 0.312062 0.354802 0.525763 0.305793 0.354802 0.218435 0.354802 0.226582 0.269322 0.312062 0.354802 0.055621 0.183842 0.141101 0.231717 0.098361 0.397542 0.183842 0.447992 0.183842 0.183842 0.098361 0.141101 0.098361 0.269322 0.098361 -0.115339 -0.072599 0.012881 0.012881 0.012881 -0.029859 -0.115339 0.012881 -0.115339 -0.029859 -0.029859 0.012881 -0.029859 0.055621 0.098361 -0.029859 0.098361 0.141101 -0.24356 -0.158079
0.105669 0.105669 0.206614 0.307558 0.156141 0.055196 0.358031 0.257086 0.358031 0.105669 0.307558 0.358031 0.206614 0.307558 0.408503 0.458976 0.408503 0.206614 0.307558 0.055196 0.257086 0.156141 0.206614 0.055196 0.206614 0.055196 0.257086 0.458976 0.408503 0.358031 0.206614 0.257086 0.307558 0.458976 0.242314 0.257086 0.136048 0.358031 0.206614 0.257086 0.307558 0.257086 0.055196 0.206614 0.156141 0.211084 0.156141 0.307558 0.206614 0.413617 0.156141 0.105669 0.055196 0.105669 0.055196 0.206614 0.105669 -0.045749 -0.096221 -0.096221 -0.045749 -0.096221 0.055196 -0.045749 -0.045749 -0.045749 -0.045749 0.004724 0.055196 0.055196 0.055196 0.004724 0.004724 0.055196 0.156141 -0.045749 -0.146693 -0.197166
0.098361 0.141101 0.141101 0.269322 0.141101 0.098361 0.354802 0.269322 0.312062 0.156141 0.312062 0.354802 0.226582 0.312062 0.397542 0.440282 0.397542 0.226582 0.358031 0.055621 0.226582 0.183842 0.206614 0.098361 0.183842 0.098361 0.226582 0.408503 0.397542 0.354802 0.226582 0.269322 0.269322 0.440282 0.258394 0.312062 0.122644 0.269322 0.183842 0.226582 0.269322 0.269322 0.098361 0.183842 0.141101 0.185985 0.098361 0.312062 0.183842 0.400592 0.183842 0.141101 0.055621 0.141101 0.098361 0.183842 0.098361 -0.158079 -0.158079 -0.158079 -0.029859 -0.158079 -0.029859 -0.072599 -0.115339 -0.115339 -0.029859 -0.029859 0.012881 -0.072599 -0.029859 0.012881 -0.072599 0.012881 0.098361 -0.24356 -0.24356 -0.20082 -0.197166
0.312062 0.226582 0.354802 0.440282 0.269322 0.226582 0.483023 0.397542 0.483023 0.257086 0.440282 0.525763 0.354802 0.483023 0.525763 0.568503 0.525763 0.354802 0.458976 0.226582 0.397542 0.354802 0.307558 0.226582 0.312062 0.312062 0.397542 0.660865 0.525763 0.483023 0.397542 0.354802 0.440282 0.611243 0.353193 0.397542 0.314227 0.483023 0.312062 0.354802 0.397542 0.397542 0.141101 0.269322 0.312062 0.368915 0.269322 0.440282 0.269322 0.495392 0.269322 0.226582 0.226582 0.183842 0.226582 0.354802 0.226582 -0.115339 0.012881 0.183842 -0.029859 0.012881 0.183842 -0.029859 -0.158079 -0.029859 0.012881 0.226582 -0.072599 0.055621 0.055621 -0.072599 -0.115339 0.098361 0.226582 -0.029859 -0.158079 0.012881 -0.096221 -0.072599
0.141101 0.141101 0.141101 0.269322 0.141101 0.098361 0.354802 0.269322 0.312062 0.156141 0.312062 0.354802 0.226582 0.312062 0.397542 0.440282 0.397542 0.226582 0.358031 0.055621 0.226582 0.183842 0.206614 0.098361 0.183842 0.141101 0.226582 0.408503 0.397542 0.354802 0.269322 0.269322 0.269322 0.440282 0.258394 0.312062 0.122644 0.269322 0.183842 0.226582 0.269322 0.269322 0.098361 0.183842 0.141101 0.185985 0.098361 0.312062 0.183842 0.400592 0.183842 0.141101 0.055621 0.141101 0.098361 0.183842 0.098361 -0.20082 -0.115339 -0.115339 -0.072599 -0.115339 -0.072599 -0.072599 -0.20082 -0.158079 -0.072599 -0.115339 0.012881 -0.072599 -0.029859 0.012881 -0.072599 0.012881 0.012881 -0.115339 -0.158079 -0.20082 -0.197166 -0.24356 -0.029859 0
