0
0.217332
0.114856 -0.117953
0.217332 0.120826 0.07307
0.166094 -0.022441 -0.022441 0.07307
0.114856 0.025314 0.025314 0.07307 0.025314
0.063618 0.025314 0.025314 -0.070197 -0.117953 -0.070197
0.217332 0.07307 0.07307 0.168582 0.264094 -0.022441 0.168582
0.166094 -0.070197 0.025314 0.025314 0.120826 -0.117953 0.025314 0.216338
0.319808 0.07307 0.120826 0.216338 -0.070197 -0.022441 -0.165709 0.216338 0.07307
0.423037 0.292134 0.348715 -0.047352 0.405296 0.06581 0.06581 0.06581 0.235553 0.348715
0.01238 0.025314 0.168582 0.216338 0.120826 0.025314 0.07307 0.168582 0.025314 0.31185 0.405296
0.114856 0.07307 0.168582 0.025314 -0.022441 -0.070197 -0.117953 0.264094 -0.117953 -0.022441 0.292134 0.025314
0.319808 0.264094 0.31185 0.168582 0.216338 0.025314 0.025314 0.502873 0.07307 0.168582 0.235553 0.216338 0.07307
0.176894 -0.047352 0.06581 0.06581 0.06581 -0.103933 0.009229 0.06581 0.009229 0.178972 0.122391 0.122391 0.122391 -0.047352
0.166094 0.025314 -0.022441 -0.022441 -0.022441 -0.165709 -0.070197 0.07307 -0.070197 0.025314 0.122391 0.120826 -0.022441 -0.022441 -0.217095
0.114856 0.264094 0.264094 0.264094 0.216338 -0.022441 0.120826 0.31185 0.120826 0.216338 0.348715 0.168582 0.07307 0.120826 0.178972 0.07307
0.114856 0.120826 0.025314 0.025314 0.120826 -0.070197 0.025314 0.168582 0.07307 0.216338 0.235553 0.120826 0.07307 0.025314 0.06581 -0.070197 0.07307
0.114856 0.07307 -0.022441 0.216338 -0.117953 0.025314 -0.070197 0.31185 0.216338 0.120826 0.405296 0.216338 0.07307 0.168582 0.06581 -0.022441 0.168582 -0.022441
0.114856 0.120826 -0.022441 -0.022441 0.07307 -0.070197 0.025314 0.168582 0.025314 0.216338 0.235553 0.168582 0.07307 0.025314 0.06581 -0.070197 0.07307 -0.308977 -0.070197
0.114856 0.07307 0.120826 0.07307 0.120826 -0.022441 -0.070197 0.168582 0.025314 0.168582 0.178972 -0.070197 -0.022441 -0.022441 -0.103933 -0.070197 0.120826 -0.070197 0.025314 0.025314
0.063618 0.07307 0.07307 0.216338 -0.022441 -0.070197 -0.117953 0.216338 0.168582 0.07307 0.235553 0.07307 0.07307 0.07307 0.009229 -0.022441 0.120826 0.025314 -0.117953 0.025314 -0.022441
0.063618 0.07307 0.07307 0.07307 0.025314 -0.261221 -0.117953 0.025314 -0.022441 0.120826 0.122391 -0.022441 -0.070197 0.120826 0.06581 -0.070197 0.025314 -0.022441 0.07307 -0.022441 0.025314 -0.165709
0.114856 0.025314 0.07307 0.120826 -0.070197 -0.070197 -0.117953 0.264094 0.025314 -0.022441 0.235553 0.025314 -0.117953 0.07307 0.009229 -0.070197 -0.022441 -0.022441 -0.117953 -0.022441 -0.070197 -0.165709 -0.070197
0.371046 0.025314 0.120826 0.264094 0.025314 0.07307 0.07307 0.025314 0.264094 0.07307 0.292134 0.216338 0.264094 0.359606 -0.047352 0.07307 0.31185 0.264094 0.168582 0.264094 0.120826 0.120826 0.07307 0.120826
0.217332 0.025314 0.025314 0.120826 -0.117953 -0.022441 -0.070197 0.07307 0.120826 0.025314 0.178972 0.07307 0.07307 0.120826 -0.160514 -0.070197 0.168582 0.120826 0.025314 0.120826 -0.022441 -0.022441 0.07307 -0.070197 0.025314
0.114856 0.07307 -0.070197 -0.022441 0.025314 -0.165709 -0.022441 0.120826 -0.070197 0.120826 0.178972 0.07307 -0.022441 -0.022441 -0.160514 -0.213465 0.025314 -0.070197 0.025314 -0.117953 -0.070197 -0.070197 -0.070197 -0.117953 0.120826 -0.070197
0.360402 0.12166 0.178175 0.178175 0.065146 0.008631 0.178175 0.291204 0.23469 0.347719 0.26238 0.291204 0.23469 0.291204 0.054458 0.12166 0.23469 0.12166 0.12166 0.12166 0.178175 0.178175 0.008631 0.178175 0.178175 0.178175 0.12166
0.473523 0.07307 0.216338 0.168582 0.120826 0.025314 0.168582 0.31185 0.120826 0.31185 0.292134 0.31185 0.264094 0.216338 -0.047352 0.07307 0.359606 0.168582 0.168582 0.168582 0.216338 0.216338 0.07307 0.216338 0.216338 0.120826 0.168582 -0.330457
0.371046 0.025314 0.168582 0.120826 0.07307 -0.022441 0.120826 0.31185 0.07307 0.31185 0.292134 0.216338 0.168582 0.120826 -0.047352 0.025314 0.264094 0.07307 0.07307 0.07307 0.120826 0.120826 0.025314 0.120826 0.216338 0.07307 0.07307 -0.330457 -0.308977
0.422285 0.07307 0.216338 0.168582 0.07307 -0.022441 0.120826 0.264094 0.07307 0.264094 0.292134 0.216338 0.216338 0.120826 -0.047352 0.025314 0.264094 0.168582 0.168582 0.168582 0.168582 0.120826 0.025314 0.120826 0.168582 -0.022441 0.07307 -0.160913 -0.308977 -0.308977
0.473523 0.168582 0.31185 0.264094 0.216338 0.07307 0.264094 0.502873 0.216338 0.502873 0.405296 0.31185 0.264094 0.168582 0.009229 0.120826 0.216338 0.120826 0.120826 0.120826 0.168582 0.168582 0.168582 0.168582 0.407362 0.216338 0.120826 -0.330457 -0.213465 -0.261221 -0.070197
0.217332 0.31185 0.264094 0.31185 0.168582 0.216338 0.168582 0.264094 0.407362 0.359606 0.461877 0.455118 0.120826 0.455118 0.348715 0.264094 0.264094 0.264094 0.07307 0.264094 0.264094 0.120826 0.168582 0.120826 0.359606 0.168582 0.264094 0.008631 0.07307 0.07307 0.025314 0.120826
0.371046 0.120826 0.216338 0.168582 0.168582 -0.070197 0.07307 0.31185 -0.022441 0.216338 0.235553 0.216338 0.07307 -0.022441 -0.047352 -0.022441 0.168582 0.07307 0.120826 0.07307 0.07307 0.07307 -0.022441 0.025314 0.216338 0.025314 -0.022441 -0.104398 -0.117953 -0.261221 -0.308977 -0.022441 0.120826
0.319808 0.07307 0.216338 0.120826 0.120826 -0.022441 0.120826 0.216338 0.07307 0.31185 0.235553 0.216338 0.07307 0.120826 -0.047352 0.025314 0.168582 0.120826 0.120826 0.120826 0.120826 0.07307 0.025314 0.07307 0.216338 0.025314 0.025314 -0.273942 -0.213465 -0.356733 -0.308977 -0.261221 -0.165709 -0.308977
0.360402 0.178175 0.23469 0.291204 0.065146 0.008631 0.178175 0.404233 0.23469 0.404233 0.400995 0.178175 0.23469 0.178175 0.123766 0.12166 0.178175 0.12166 0.12166 0.12166 0.12166 0.065146 0.008631 0.065146 0.23469 0.065146 0.008631 -0.217427 -0.047884 -0.273942 -0.160913 -0.217427 0.12166 -0.160913 -0.273942
0.360402 0.178175 0.12166 0.291204 0.12166 0.008631 0.178175 0.404233 0.23469 0.404233 0.331688 0.23469 0.23469 0.12166 0.054458 0.12166 0.23469 0.008631 0.008631 0.008631 0.12166 0.065146 0.008631 0.065146 0.23469 0.12166 0.008631 -0.217427 -0.160913 -0.160913 -0.104398 -0.217427 0.12166 -0.273942 -0.160913 -0.160913
0.360402 0.12166 0.12166 0.12166 0.065146 -0.047884 0.065146 0.178175 0.178175 0.23469 0.123766 0.291204 0.291204 0.23469 -0.084156 0.008631 0.291204 0.12166 0.178175 0.12166 0.12166 0.12166 -0.047884 0.12166 0.065146 0.008631 0.008631 -0.273942 -0.330457 -0.217427 -0.273942 -0.160913 0.065146 -0.217427 -0.217427 -0.104398 -0.217427
0.421859 0.347719 0.291204 0.178175 0.347719 0.23469 0.178175 0.347719 0.347719 0.460748 0.193073 0.404233 0.404233 0.065146 -0.084156 0.065146 0.517263 0.291204 0.404233 0.291204 0.008631 0.23469 0.291204 0.347719 0.460748 0.065146 0.065146 0.12166 0.12166 0.065146 0.065146 0.178175 0.347719 0.065146 0.008631 0.23469 0.23469 0.065146
0.422285 0.31185 0.455118 0.264094 0.359606 0.120826 0.264094 0.359606 0.168582 0.359606 0.292134 0.455118 0.216338 0.264094 0.122391 0.168582 0.264094 0.359606 0.407362 0.359606 0.31185 0.31185 0.168582 0.264094 0.359606 0.216338 0.216338 -0.047884 -0.070197 -0.022441 -0.070197 0.025314 0.07307 -0.070197 -0.165709 0.178175 0.065146 -0.104398 0.23469
0.26857 0.120826 0.07307 0.120826 0.120826 -0.022441 0.07307 0.216338 0.168582 0.31185 0.178972 0.216338 0.216338 0.120826 -0.047352 0.025314 0.168582 0.025314 0.07307 0.025314 0.120826 0.07307 -0.022441 0.07307 0.168582 0.025314 -0.022441 -0.273942 -0.213465 -0.213465 -0.213465 -0.213465 0.025314 -0.261221 -0.261221 -0.160913 -0.386971 -0.443486 0.065146 -0.070197
0.319808 0.168582 0.168582 0.216338 0.168582 0.025314 0.168582 0.216338 0.216338 0.359606 0.292134 0.264094 0.168582 0.216338 0.06581 0.120826 0.216338 0.120826 0.120826 0.120826 0.216338 0.120826 0.025314 0.120826 0.216338 0.120826 0.07307 -0.330457 -0.165709 -0.213465 -0.213465 -0.070197 -0.070197 -0.308977 -0.308977 -0.160913 -0.386971 -0.330457 0.12166 -0.070197 -0.356733
0.524761 0.168582 0.31185 0.264094 0.168582 0.120826 0.264094 0.455118 0.216338 0.455118 0.405296 0.31185 0.31185 0.216338 0.06581 0.168582 0.264094 0.216338 0.216338 0.216338 0.264094 0.264094 0.168582 0.264094 0.359606 0.168582 0.216338 -0.330457 -0.261221 -0.261221 -0.165709 -0.404489 0.120826 -0.022441 -0.261221 -0.217427 -0.160913 -0.217427 0.178175 -0.022441 -0.213465 -0.070197
0.26857 0.025314 0.07307 0.120826 0.025314 -0.070197 0.07307 0.216338 0.120826 0.264094 0.292134 0.168582 0.168582 0.168582 0.009229 0.025314 0.120826 0.025314 0.025314 0.025314 0.120826 0.07307 -0.070197 0.07307 0.120826 0.07307 0.025314 -0.386971 -0.308977 -0.356733 -0.261221 -0.308977 -0.070197 -0.117953 -0.308977 -0.330457 -0.217427 -0.273942 0.12166 0.025314 -0.261221 -0.165709 -0.308977
0.524761 0.31185 0.31185 0.31185 0.216338 0.216338 0.264094 0.455118 0.359606 0.502873 0.405296 0.359606 0.407362 0.216338 0.178972 0.216338 0.31185 0.216338 0.264094 0.216338 0.31185 0.264094 0.216338 0.264094 0.407362 0.120826 0.216338 0.008631 -0.022441 -0.022441 -0.165709 -0.022441 0.216338 0.025314 -0.022441 0.008631 -0.104398 -0.160913 0.291204 0.07307 -0.213465 -0.022441 -0.117953 -0.022441
0.575999 0.31185 0.455118 0.31185 0.264094 0.168582 0.31185 0.502873 0.216338 0.455118 0.405296 0.359606 0.264094 0.168582 0.178972 0.216338 0.216338 0.31185 0.359606 0.31185 0.31185 0.359606 0.216338 0.31185 0.455118 0.216338 0.264094 -0.104398 -0.117953 -0.070197 -0.165709 -0.117953 0.216338 0.025314 -0.117953 -0.047884 0.065146 0.008631 0.347719 -0.117953 -0.022441 0.025314 -0.213465 -0.070197 -0.213465
0.575999 0.31185 0.407362 0.407362 0.264094 0.168582 0.31185 0.502873 0.264094 0.502873 0.461877 0.31185 0.359606 0.168582 0.122391 0.216338 0.31185 0.31185 0.31185 0.31185 0.31185 0.216338 0.216338 0.216338 0.407362 0.07307 0.168582 0.065146 -0.022441 -0.022441 -0.261221 -0.022441 0.216338 -0.213465 -0.165709 -0.047884 -0.160913 -0.104398 0.291204 -0.022441 -0.213465 -0.165709 -0.117953 0.025314 -0.261221 -0.165709
0.575999 0.264094 0.359606 0.359606 0.168582 0.216338 0.31185 0.502873 0.359606 0.502873 0.575039 0.359606 0.407362 0.31185 0.292134 0.264094 0.264094 0.264094 0.264094 0.264094 0.359606 0.31185 0.216338 0.31185 0.407362 0.216338 0.31185 -0.104398 -0.022441 -0.117953 -0.165709 -0.165709 0.168582 0.120826 -0.117953 -0.160913 0.065146 0.008631 0.347719 0.216338 -0.022441 0.120826 -0.261221 -0.213465 -0.213465 -0.261221 -0.070197
0.319808 0.216338 0.359606 0.264094 0.31185 0.120826 0.31185 0.264094 0.216338 0.455118 0.348715 0.359606 0.168582 0.31185 0.06581 0.168582 0.31185 0.264094 0.264094 0.264094 0.264094 0.216338 0.264094 0.216338 0.407362 0.216338 0.168582 -0.104398 -0.117953 -0.022441 -0.022441 -0.022441 -0.070197 0.025314 -0.213465 0.12166 0.008631 -0.047884 0.23469 -0.070197 -0.022441 -0.165709 0.025314 0.025314 0.168582 0.025314 0.07307 0.264094
0.319808 0.120826 0.216338 0.07307 0.168582 0.07307 0.168582 0.264094 0.120826 0.407362 0.235553 0.31185 0.168582 0.168582 0.009229 0.07307 0.31185 0.120826 0.168582 0.120826 0.168582 0.216338 0.120826 0.216338 0.31185 0.120826 0.120826 -0.273942 -0.213465 -0.308977 -0.117953 -0.165709 0.025314 -0.022441 -0.261221 -0.104398 -0.047884 -0.160913 0.008631 -0.022441 -0.117953 -0.117953 -0.165709 -0.213465 0.025314 -0.022441 0.120826 0.025314 -0.117953
0.063618 0.120826 0.025314 0.359606 0.264094 -0.022441 0.120826 0.216338 0.168582 0.264094 0.461877 0.025314 0.264094 0.216338 0.178972 0.120826 0.168582 0.120826 0.168582 0.120826 0.120826 -0.022441 0.07307 0.07307 0.264094 0.216338 -0.022441 0.291204 0.407362 0.31185 0.31185 0.359606 0.407362 0.264094 0.264094 0.178175 0.178175 0.23469 0.347719 0.502873 0.168582 0.216338 0.455118 0.168582 0.455118 0.550629 0.407362 0.502873 0.359606 0.407362
0.319808 0.31185 0.31185 0.264094 0.168582 0.07307 0.07307 0.407362 0.168582 0.216338 0.348715 0.31185 0.07307 0.025314 0.292134 0.025314 0.025314 0.07307 0.168582 0.07307 0.120826 0.120826 0.025314 0.07307 0.359606 0.264094 0.120826 0.23469 0.31185 0.168582 0.216338 0.31185 0.264094 -0.022441 0.120826 0.23469 0.12166 0.291204 0.347719 0.264094 0.120826 0.07307 0.359606 0.168582 0.359606 0.31185 0.31185 0.407362 0.359606 0.264094 0.264094
0.319808 0.120826 0.168582 0.07307 0.120826 0.025314 0.120826 0.264094 0.216338 0.359606 0.235553 0.31185 0.216338 0.168582 0.009229 0.025314 0.216338 -0.022441 0.07307 -0.022441 0.120826 0.120826 0.07307 0.120826 0.264094 0.120826 0.07307 -0.160913 -0.117953 -0.165709 -0.022441 -0.022441 0.120826 0.07307 -0.070197 0.065146 0.065146 -0.047884 0.008631 0.120826 -0.022441 0.025314 0.025314 -0.117953 0.120826 0.120826 0.264094 0.120826 0.025314 -0.165709 0.31185 0.216338
0.319808 0.063618 0.166094 0.01238 0.01238 -0.141334 -0.038858 0.01238 0.063618 0.01238 -0.007714 0.319808 0.063618 0.063618 -0.06925 -0.141334 0.166094 0.114856 0.166094 0.114856 0.114856 0.063618 -0.141334 0.063618 0.063618 0.01238 0.01238 0.053115 0.01238 0.01238 -0.038858 0.217332 0.063618 -0.038858 -0.038858 0.17603 0.17603 -0.069799 0.114572 -0.090096 0.01238 0.063618 0.166094 0.01238 0.217332 0.166094 0.217332 0.26857 0.063618 0.01238 0.371046 0.01238 0.01238
0.296777 0.191395 0.191395 0.339551 0.142009 0.092624 0.191395 0.24078 0.290165 0.339551 0.32436 0.24078 0.339551 0.290165 0.206594 0.043239 0.24078 0.092624 0.142009 0.092624 0.191395 0.092624 0.191395 0.092624 0.388936 0.191395 0.142009 0.440975 0.438322 0.290165 0.339551 0.388936 0.487707 0.290165 0.339551 0.323353 0.264542 0.382164 0.558597 0.537092 0.24078 0.339551 0.438322 0.290165 0.191395 0.388936 0.339551 0.339551 0.438322 0.339551 0.24078 0.142009 0.191395 0.137421
0.319808 0.063618 0.217332 0.114856 0.26857 0.01238 0.114856 0.166094 -0.038858 0.166094 0.176894 0.26857 0.166094 0.217332 -0.007714 0.01238 0.26857 0.217332 0.319808 0.217332 0.166094 0.26857 0.166094 0.217332 0.26857 0.114856 0.114856 0.237487 0.114856 0.114856 0.063618 0.319808 0.26857 0.063618 0.063618 0.360402 0.360402 0.114572 0.237487 0.01238 0.166094 0.217332 0.26857 0.166094 0.371046 0.26857 0.319808 0.422285 0.063618 0.114856 0.371046 0.319808 0.063618 0.01238 0.19054
0.26857 0.359606 0.359606 0.31185 0.264094 0.07307 0.216338 0.216338 0.31185 0.359606 0.405296 0.359606 0.120826 0.264094 0.292134 0.168582 0.025314 0.216338 0.264094 0.216338 0.264094 0.216338 0.07307 0.168582 0.31185 0.264094 0.168582 0.178175 0.264094 0.216338 0.168582 0.359606 0.025314 0.120826 0.025314 0.23469 0.291204 0.23469 0.460748 0.216338 0.168582 -0.022441 0.359606 0.168582 0.31185 0.216338 0.31185 0.359606 0.025314 0.168582 0.31185 0.120826 0.120826 0.01238 0.339551 0.114856
0.319808 0.168582 0.216338 0.120826 0.264094 0.025314 0.120826 0.264094 0.025314 0.264094 0.178972 0.264094 0.120826 0.07307 0.009229 0.025314 0.216338 0.120826 0.216338 0.120826 0.120826 0.216338 0.120826 0.120826 0.31185 0.120826 0.07307 0.12166 0.120826 0.07307 0.07307 0.216338 0.31185 -0.022441 0.025314 0.178175 0.065146 0.065146 0.12166 0.120826 0.07307 0.120826 0.216338 0.120826 0.264094 0.216338 0.216338 0.359606 0.168582 0.07307 0.359606 0.168582 0.07307 -0.038858 0.191395 -0.090096 0.168582
0.26857 0.31185 0.31185 0.216338 0.31185 0.168582 0.216338 0.168582 0.407362 0.455118 0.292134 0.455118 0.31185 0.407362 0.235553 0.120826 0.31185 0.216338 0.264094 0.216338 0.264094 0.264094 0.216338 0.264094 0.407362 0.264094 0.216338 0.347719 0.407362 0.31185 0.359606 0.455118 0.216338 0.359606 0.216338 0.460748 0.460748 0.291204 0.347719 0.31185 0.264094 0.264094 0.502873 0.31185 0.359606 0.502873 0.550629 0.550629 0.216338 0.168582 0.407362 0.264094 0.120826 0.01238 0.142009 0.166094 0.120826 0.264094
0.319808 0.31185 0.359606 0.264094 0.168582 0.025314 0.168582 0.31185 0.31185 0.31185 0.405296 0.407362 0.07307 0.168582 0.178972 0.025314 0.07307 0.120826 0.120826 0.120826 0.168582 0.07307 0.07307 0.025314 0.31185 0.264094 0.07307 0.178175 0.359606 0.264094 0.31185 0.264094 0.120826 0.216338 0.120826 0.291204 0.291204 0.347719 0.404233 0.264094 0.264094 0.168582 0.407362 0.216338 0.455118 0.359606 0.455118 0.455118 0.120826 0.216338 0.31185 0.025314 0.07307 -0.038858 0.191395 0.319808 -0.070197 0.264094 0.025314
0.114856 -0.070197 0.025314 0.025314 0.025314 -0.070197 -0.022441 0.07307 0.025314 0.168582 0.178972 0.025314 0.07307 0.168582 -0.047352 -0.022441 0.120826 0.025314 0.07307 0.025314 0.025314 0.07307 -0.070197 0.025314 0.120826 0.025314 -0.022441 -0.047884 -0.022441 -0.070197 -0.022441 -0.022441 0.168582 0.025314 -0.070197 0.008631 0.008631 -0.104398 0.12166 0.168582 -0.117953 0.025314 -0.022441 -0.165709 0.120826 0.168582 0.168582 0.07307 0.168582 -0.022441 0.120826 0.216338 -0.022441 -0.038858 0.092624 0.01238 0.168582 0.025314 0.168582 0.216338
0.26857 0.216338 0.168582 0.216338 0.168582 0.120826 0.168582 0.31185 0.31185 0.407362 0.348715 0.31185 0.264094 0.264094 0.178972 0.07307 0.216338 0.025314 0.07307 0.025314 0.168582 0.120826 0.168582 0.120826 0.359606 0.216338 0.120826 0.12166 0.264094 0.07307 0.264094 0.216338 0.264094 0.216338 0.168582 0.178175 0.065146 0.178175 0.291204 0.31185 0.120826 0.168582 0.31185 0.120826 0.168582 0.407362 0.407362 0.359606 0.264094 0.07307 0.264094 0.120826 -0.022441 0.063618 -0.006147 0.319808 0.216338 0.168582 0.025314 0.120826 0.025314
0.319808 0.407362 0.407362 0.168582 0.359606 0.216338 0.216338 0.407362 0.31185 0.550629 0.292134 0.359606 0.168582 0.168582 0.292134 0.216338 0.216338 0.216338 0.31185 0.216338 0.216338 0.31185 0.168582 0.216338 0.550629 0.216338 0.168582 0.291204 0.407362 0.31185 0.264094 0.31185 0.264094 0.168582 0.120826 0.291204 0.23469 0.291204 0.178175 0.216338 0.120826 0.216338 0.31185 0.264094 0.168582 0.264094 0.216338 0.359606 0.31185 0.216338 0.502873 0.216338 0.120826 0.063618 0.339551 0.217332 0.216338 0.168582 0.07307 0.120826 0.07307 0.216338
0.319808 0.359606 0.502873 0.168582 0.455118 0.31185 0.216338 0.455118 0.216338 0.455118 0.348715 0.359606 0.07307 0.31185 0.405296 0.264094 0.31185 0.31185 0.455118 0.31185 0.216338 0.455118 0.264094 0.264094 0.646141 0.407362 0.264094 0.517263 0.502873 0.455118 0.455118 0.550629 0.455118 0.359606 0.359606 0.573777 0.573777 0.517263 0.460748 0.407362 0.407362 0.455118 0.598385 0.407362 0.598385 0.502873 0.646141 0.693897 0.455118 0.359606 0.598385 0.31185 0.264094 0.166094 0.339551 0.114856 0.407362 0.264094 0.264094 0.31185 0.216338 0.407362 0.025314
0.166094 0.114856 0.114856 0.114856 0.166094 -0.141334 0.063618 0.217332 -0.038858 0.217332 0.23843 0.114856 -0.038858 0.01238 -0.007714 -0.090096 0.01238 -0.090096 -0.038858 -0.090096 0.01238 0.01238 -0.038858 -0.038858 0.26857 0.114856 -0.090096 0.114572 0.166094 0.063618 0.114856 0.114856 0.114856 -0.038858 0.01238 0.114572 -0.008342 0.17603 0.298944 0.063618 0.063618 0.063618 0.217332 0.063618 0.26857 0.217332 0.217332 0.319808 0.01238 0.114856 0.114856 0.01238 0.063618 0.063618 0.084303 0.063618 -0.038858 -0.038858 0.063618 -0.141334 -0.038858 0.063618 0.01238 0.114856
0.26857 0.01238 0.26857 0.063618 0.114856 -0.090096 0.01238 0.26857 -0.090096 0.217332 0.176894 0.114856 -0.090096 0.01238 -0.06925 -0.038858 0.114856 0.114856 0.166094 0.114856 -0.038858 0.114856 -0.090096 0.01238 0.114856 0.063618 0.01238 -0.008342 -0.038858 -0.141334 -0.090096 0.063618 0.063618 -0.141334 -0.141334 0.053115 0.053115 -0.008342 0.114572 -0.192572 0.01238 0.01238 0.063618 -0.038858 0.166094 0.063618 0.114856 0.217332 -0.038858 -0.090096 0.319808 0.063618 -0.038858 -0.090096 0.243658 -0.090096 -0.090096 -0.090096 0.114856 0.01238 -0.090096 0.114856 0.063618 0.114856 -0.090096
0.217332 0.264094 0.216338 0.216338 0.264094 0.07307 0.07307 0.264094 0.216338 0.264094 0.292134 0.264094 0.168582 0.120826 0.122391 0.025314 0.120826 0.07307 0.168582 0.07307 0.025314 0.07307 0.120826 0.07307 0.359606 0.168582 0.025314 0.291204 0.359606 0.216338 0.31185 0.31185 0.31185 0.216338 0.216338 0.291204 0.291204 0.291204 0.178175 0.31185 0.216338 0.264094 0.407362 0.216338 0.264094 0.407362 0.455118 0.455118 0.31185 0.216338 0.168582 0.120826 0.07307 0.166094 0.092624 0.166094 0.07307 0.120826 0.07307 0.07307 0.07307 -0.022441 0.120826 0.216338 -0.038858 0.063618
0.319808 0.217332 0.26857 0.114856 0.319808 -0.038858 0.114856 0.319808 -0.038858 0.26857 0.053822 0.26857 0.01238 -0.038858 0.053822 0.01238 0.114856 0.063618 0.217332 0.063618 0.063618 0.166094 0.063618 0.114856 0.422285 0.166094 0.01238 0.237487 0.217332 0.114856 0.166094 0.217332 0.26857 -0.038858 0.063618 0.237487 0.114572 0.237487 0.237487 0.063618 0.114856 0.166094 0.26857 0.166094 0.319808 0.217332 0.26857 0.422285 0.114856 0.114856 0.371046 0.063618 0.114856 0.01238 0.243658 0.01238 0.114856 -0.141334 0.217332 0.114856 0.063618 0.217332 0.01238 0.114856 -0.090096 -0.038858 0.063618
0.166094 0.216338 0.264094 0.168582 0.264094 0.168582 0.168582 0.31185 0.216338 0.455118 0.292134 0.216338 0.120826 0.264094 0.178972 0.168582 0.168582 0.168582 0.216338 0.168582 0.168582 0.216338 0.168582 0.168582 0.407362 0.216338 0.168582 0.23469 0.31185 0.168582 0.216338 0.216338 0.216338 0.07307 0.025314 0.291204 0.178175 0.291204 0.291204 0.216338 0.07307 0.07307 0.264094 0.168582 0.31185 0.31185 0.264094 0.359606 0.216338 0.168582 0.359606 0.168582 0.168582 0.063618 0.24078 0.063618 0.120826 -0.022441 0.216338 0.216338 -0.070197 0.025314 0.025314 0.216338 -0.038858 -0.038858 0.168582 0.01238
0.319808 0.025314 0.216338 0.168582 0.07307 -0.165709 0.025314 0.120826 0.025314 0.07307 0.06581 0.216338 0.07307 0.025314 -0.103933 -0.117953 0.07307 0.025314 0.07307 0.025314 0.025314 -0.022441 -0.117953 -0.022441 0.168582 0.025314 -0.022441 0.065146 0.025314 -0.022441 -0.022441 0.07307 0.216338 -0.070197 -0.022441 0.065146 0.065146 0.008631 0.23469 0.120826 0.025314 0.07307 0.120826 -0.022441 0.216338 0.168582 0.168582 0.216338 0.168582 0.07307 0.216338 -0.022441 0.025314 -0.295048 -0.006147 0.114856 0.120826 0.07307 0.216338 0.025314 -0.070197 0.07307 0.264094 0.264094 -0.038858 -0.090096 0.120826 0.01238 0.216338
0.217332 0.07307 0.07307 0.120826 0.168582 -0.117953 0.025314 0.168582 -0.165709 0.025314 0.235553 0.120826 -0.022441 0.07307 0.06581 -0.070197 0.07307 -0.070197 0.120826 -0.070197 0.07307 0.120826 -0.022441 -0.022441 0.216338 0.120826 -0.022441 0.23469 0.168582 0.07307 0.120826 0.264094 0.359606 -0.022441 0.120826 0.23469 0.12166 0.178175 0.404233 0.168582 0.120826 0.168582 0.264094 0.120826 0.264094 0.264094 0.264094 0.359606 0.264094 0.168582 0.168582 0.07307 0.07307 0.063618 0.092624 0.01238 0.264094 -0.070197 0.31185 0.264094 0.07307 0.120826 0.31185 0.31185 -0.141334 -0.038858 0.07307 -0.090096 0.216338 0.025314
0.217332 0.120826 0.264094 0.168582 0.07307 0.025314 0.07307 0.359606 0.07307 0.31185 0.292134 0.120826 -0.022441 -0.022441 0.122391 0.07307 0.025314 0.07307 0.025314 0.07307 0.07307 0.120826 -0.022441 0.025314 0.31185 0.120826 0.07307 0.065146 0.168582 0.07307 0.07307 0.07307 0.168582 -0.022441 -0.022441 0.065146 0.008631 0.178175 0.23469 0.120826 0.025314 0.07307 0.07307 0.025314 0.120826 0.07307 0.07307 0.120826 0.216338 0.120826 0.31185 0.025314 0.07307 0.063618 0.24078 0.217332 0.120826 0.07307 0.264094 0.07307 0.025314 0.168582 -0.070197 0.168582 -0.090096 -0.090096 0.168582 0.01238 0.025314 0.025314 0.07307
0.26857 0.120826 0.216338 0.216338 0.120826 -0.070197 0.07307 0.264094 0.025314 0.168582 0.292134 0.025314 0.120826 0.07307 0.009229 -0.022441 0.07307 -0.022441 0.120826 0.07307 -0.165709 0.025314 -0.022441 0.025314 0.120826 0.07307 0.025314 0.12166 0.120826 0.07307 -0.022441 0.168582 0.31185 0.025314 0.07307 0.065146 0.12166 0.065146 0.291204 0.216338 0.120826 0.168582 0.168582 0.07307 0.120826 0.07307 0.120826 0.120826 0.216338 0.168582 0.216338 0.168582 0.120826 0.063618 0.191395 0.114856 0.168582 0.120826 0.31185 0.168582 0.07307 0.216338 0.31185 0.407362 0.01238 -0.038858 0.168582 0.114856 0.264094 -0.022441 0.025314 0.07307
0.371046 0.168582 0.216338 0.025314 0.120826 -0.117953 -0.022441 0.07307 0.025314 0.025314 0.009229 0.359606 -0.022441 0.025314 0.009229 -0.070197 0.120826 0.120826 0.216338 0.120826 0.120826 0.120826 -0.117953 0.07307 0.120826 0.07307 0.025314 0.12166 0.07307 0.07307 0.025314 0.264094 0.120826 -0.022441 -0.022441 0.23469 0.23469 0.008631 0.178175 0.025314 0.07307 0.07307 0.216338 0.07307 0.264094 0.168582 0.264094 0.31185 0.120826 0.025314 0.407362 0.07307 0.07307 -0.295048 0.339551 0.01238 0.025314 0.025314 0.120826 0.025314 0.07307 0.264094 0.120826 0.216338 0.063618 -0.090096 0.168582 -0.038858 0.216338 -0.070197 0.025314 0.07307 0.025314
0.166094 0.120826 0.120826 0.07307 0.120826 -0.070197 -0.070197 0.216338 -0.070197 0.025314 0.122391 0.216338 -0.022441 -0.022441 0.009229 -0.070197 0.07307 -0.022441 0.07307 -0.022441 -0.022441 0.07307 -0.022441 -0.022441 0.216338 0.025314 -0.022441 0.178175 0.07307 0.07307 0.025314 0.216338 0.168582 -0.022441 0.07307 0.178175 0.178175 0.065146 0.23469 0.168582 0.07307 0.168582 0.216338 0.025314 0.264094 0.216338 0.264094 0.31185 0.264094 0.120826 0.264094 0.07307 0.120826 -0.038858 0.24078 0.01238 0.216338 0.025314 0.264094 0.216338 0.025314 0.216338 0.216338 0.168582 0.01238 -0.038858 0.120826 -0.038858 0.216338 -0.022441 -0.070197 0.07307 -0.022441 -0.070197
0.319808 0.31185 0.359606 0.120826 0.502873 0.168582 0.264094 0.31185 0.216338 0.502873 0.122391 0.502873 0.31185 0.264094 0.178972 0.216338 0.407362 0.31185 0.502873 0.31185 0.31185 0.455118 0.264094 0.407362 0.550629 0.31185 0.264094 0.404233 0.31185 0.31185 0.264094 0.455118 0.407362 0.264094 0.216338 0.517263 0.517263 0.347719 0.291204 0.264094 0.31185 0.359606 0.455118 0.31185 0.502873 0.407362 0.502873 0.598385 0.31185 0.216338 0.502873 0.407362 0.264094 -0.038858 0.537092 0.063618 0.407362 0.168582 0.07307 0.31185 0.264094 0.407362 0.168582 0.168582 0.166094 0.063618 0.359606 0.063618 0.264094 0.31185 0.31185 0.31185 0.359606 0.07307 0.120826
0.114856 -0.022441 -0.070197 0.216338 -0.070197 0.025314 -0.070197 0.216338 0.025314 -0.070197 0.348715 0.120826 0.025314 0.264094 0.122391 0.025314 0.120826 0.07307 -0.117953 0.120826 -0.022441 -0.022441 0.07307 -0.117953 0.120826 -0.022441 0.025314 0.291204 0.264094 0.216338 0.216338 0.359606 0.168582 0.168582 0.216338 0.291204 0.291204 0.23469 0.517263 0.359606 0.216338 0.264094 0.359606 0.168582 0.407362 0.407362 0.407362 0.407362 0.359606 0.31185 0.168582 0.216338 0.264094 0.114856 0.24078 0.166094 0.31185 0.216338 0.359606 0.264094 0.120826 0.264094 0.455118 0.455118 0.114856 0.166094 0.216338 0.217332 0.31185 0.120826 0.025314 0.168582 -0.022441 0.120826 -0.070197 0.407362
0.166094 0.120826 0.07307 0.025314 0.120826 -0.117953 -0.070197 0.07307 0.07307 0.120826 0.06581 0.168582 0.120826 0.168582 0.06581 -0.022441 0.07307 0.025314 0.120826 0.025314 0.07307 -0.022441 -0.117953 -0.022441 0.120826 0.025314 -0.070197 0.12166 0.120826 0.120826 0.025314 0.264094 0.168582 0.025314 0.07307 0.065146 0.065146 -0.047884 0.23469 0.216338 -0.022441 0.07307 0.264094 -0.022441 0.216338 0.31185 0.216338 0.31185 0.264094 0.168582 0.07307 0.120826 0.120826 -0.038858 0.191395 0.114856 0.168582 0.120826 0.168582 0.168582 -0.022441 0.168582 0.168582 0.264094 0.063618 0.063618 0.120826 0.114856 0.216338 0.025314 0.025314 0.120826 0.025314 -0.070197 -0.070197 0.120826 0.07307
0.217332 0.120826 0.120826 0.216338 0.025314 -0.070197 -0.022441 0.216338 0.07307 0.07307 0.292134 0.168582 0.07307 0.120826 0.06581 -0.022441 0.025314 0.025314 -0.022441 0.025314 0.025314 -0.022441 -0.022441 -0.070197 0.168582 0.025314 0.025314 0.178175 0.168582 0.120826 0.025314 0.216338 0.168582 0.07307 0.120826 0.12166 0.178175 0.12166 0.404233 0.264094 0.120826 0.168582 0.216338 0.07307 0.120826 0.120826 0.168582 0.120826 0.264094 0.216338 0.168582 0.120826 0.120826 0.063618 0.142009 0.166094 0.120826 0.168582 0.216338 0.120826 0.07307 0.120826 0.31185 0.407362 0.01238 0.063618 0.120826 0.166094 0.264094 -0.022441 0.025314 0.07307 -0.117953 0.07307 -0.070197 0.359606 -0.070197 -0.022441
0.26857 0.166094 0.26857 0.114856 0.217332 -0.090096 0.063618 0.26857 0.063618 0.217332 0.176894 0.26857 0.063618 -0.090096 0.053822 -0.038858 -0.038858 0.01238 0.217332 0.01238 0.063618 0.166094 -0.038858 0.063618 0.26857 0.114856 -0.038858 0.114572 0.166094 0.114856 0.01238 0.217332 0.166094 0.01238 0.063618 0.114572 0.17603 0.053115 0.237487 0.01238 0.063618 0.114856 0.217332 0.063618 0.114856 0.01238 0.166094 0.166094 0.114856 0.114856 0.26857 0.063618 0.063618 -0.038858 0.296777 0.063618 -0.090096 0.063618 0.114856 0.01238 0.063618 0.217332 0.063618 0.166094 0.01238 -0.090096 0.114856 0.01238 0.166094 -0.038858 0.063618 0.01238 -0.038858 -0.090096 -0.090096 0.063618 0.217332 -0.038858 -0.090096
0.26857 -0.117953 -0.022441 0.216338 0.168582 -0.070197 0.07307 0.120826 -0.117953 0.07307 0.178972 0.168582 0.168582 0.264094 0.06581 0.025314 0.216338 0.168582 0.216338 0.168582 0.168582 0.07307 -0.022441 0.120826 0.168582 0.120826 0.120826 0.23469 0.07307 0.120826 0.025314 0.31185 0.31185 0.07307 0.120826 0.291204 0.291204 0.12166 0.404233 0.216338 0.168582 0.216338 0.264094 0.07307 0.359606 0.31185 0.31185 0.359606 0.264094 0.216338 0.168582 0.264094 0.216338 0.01238 0.24078 0.01238 0.31185 0.120826 0.359606 0.359606 0.07307 0.31185 0.455118 0.407362 0.114856 0.063618 0.264094 0.114856 0.31185 0.025314 -0.022441 0.216338 0.025314 0.025314 -0.022441 0.216338 -0.022441 -0.022441 0.025314 0.166094
0.319808 0.264094 0.264094 0.07307 0.216338 0.025314 -0.070197 0.31185 0.120826 0.120826 0.122391 0.31185 0.120826 0.025314 0.178972 0.025314 0.07307 0.07307 0.216338 0.07307 0.07307 0.120826 -0.022441 0.07307 0.264094 0.168582 0.07307 0.23469 0.216338 0.168582 0.168582 0.216338 0.264094 0.07307 0.120826 0.23469 0.23469 0.12166 0.23469 0.216338 0.07307 0.216338 0.216338 0.07307 0.264094 0.264094 0.31185 0.264094 0.407362 0.216338 0.264094 0.025314 0.168582 0.01238 0.339551 0.217332 0.216338 0.168582 0.31185 0.216338 0.07307 0.264094 0.216338 0.31185 0.114856 0.063618 0.120826 0.114856 0.264094 0.025314 0.07307 0.07307 0.120826 -0.022441 -0.022441 0.31185 0.120826 -0.022441 -0.022441 0.01238 0.07307
0.166094 0.07307 0.025314 0.168582 0.025314 -0.022441 -0.022441 0.168582 -0.022441 0.025314 0.292134 0.168582 0.07307 0.264094 0.122391 0.025314 0.120826 0.07307 0.025314 0.025314 0.07307 -0.022441 0.025314 -0.022441 0.168582 0.07307 0.025314 0.23469 0.168582 0.168582 0.120826 0.31185 0.168582 0.120826 0.168582 0.23469 0.23469 0.178175 0.460748 0.31185 0.168582 0.216338 0.31185 0.07307 0.359606 0.359606 0.359606 0.359606 0.31185 0.264094 0.168582 0.168582 0.216338 0.114856 0.191395 0.114856 0.264094 0.168582 0.264094 0.264094 0.07307 0.216338 0.407362 0.359606 0.063618 0.114856 0.168582 0.166094 0.264094 0.07307 -0.022441 0.168582 0.025314 0.120826 -0.165709 0.31185 -0.117953 -0.117953 -0.213465 0.114856 -0.070197 0.025314
0.217332 0.216338 0.120826 -0.022441 0.07307 -0.022441 -0.117953 0.120826 0.120826 0.168582 -0.047352 0.31185 0.025314 0.168582 0.122391 0.025314 0.120826 0.07307 0.07307 0.025314 0.07307 0.025314 -0.070197 0.025314 0.168582 0.07307 -0.022441 0.12166 0.168582 0.120826 0.120826 0.264094 -0.022441 0.07307 0.025314 0.178175 0.178175 0.065146 0.23469 0.168582 0.07307 0.07307 0.264094 0.07307 0.264094 0.264094 0.31185 0.31185 0.168582 0.07307 0.31185 0.07307 0.07307 -0.090096 0.24078 0.166094 0.025314 0.120826 0.120826 0.07307 0.07307 0.168582 0.168582 0.264094 0.063618 0.01238 0.120826 0.063618 0.168582 -0.022441 0.120826 0.07307 0.120826 -0.117953 -0.022441 0.216338 0.025314 -0.070197 -0.022441 -0.038858 0.120826 -0.022441 -0.022441
0.217332 0.120826 0.264094 0.120826 0.31185 -0.022441 0.120826 0.264094 -0.070197 0.168582 0.178972 0.264094 0.07307 0.07307 0.06581 0.025314 0.120826 0.120826 0.31185 0.120826 0.120826 0.264094 0.168582 0.168582 0.359606 0.168582 0.07307 0.291204 0.168582 0.168582 0.120826 0.31185 0.359606 0.07307 0.120826 0.347719 0.347719 0.23469 0.291204 0.168582 0.216338 0.264094 0.31185 0.168582 0.407362 0.264094 0.359606 0.455118 0.216338 0.168582 0.359606 0.216338 0.216338 0.063618 0.339551 -0.090096 0.31185 0.025314 0.264094 0.31185 0.120826 0.31185 0.264094 0.168582 0.063618 -0.038858 0.216338 -0.038858 0.216338 0.120826 -0.022441 0.168582 0.07307 0.025314 -0.165709 0.07307 0.120826 0.025314 0.120826 -0.038858 -0.022441 0.168582 0.025314 0.168582
0.063618 -0.070197 0.07307 0.025314 0.025314 -0.165709 -0.165709 0.120826 -0.165709 0.025314 0.178972 -0.070197 -0.117953 -0.022441 -0.047352 -0.117953 0.07307 -0.022441 0.025314 -0.022441 -0.070197 -0.022441 -0.165709 -0.070197 0.07307 0.025314 -0.070197 0.065146 0.025314 -0.022441 -0.022441 0.120826 0.216338 -0.070197 -0.022441 0.065146 0.065146 0.008631 0.12166 0.120826 0.025314 0.07307 0.120826 -0.022441 0.216338 0.168582 0.168582 0.216338 0.168582 0.07307 0.025314 0.025314 0.07307 -0.038858 0.191395 -0.038858 0.168582 0.025314 0.168582 0.168582 -0.070197 0.168582 0.216338 0.216338 -0.090096 -0.192572 0.07307 0.01238 0.120826 -0.070197 -0.117953 -0.022441 -0.070197 -0.022441 -0.117953 0.216338 -0.022441 -0.022441 -0.117953 -0.038858 -0.022441 -0.022441 -0.117953 -0.022441 -0.070197
0.371046 0.216338 0.264094 0.168582 0.359606 0.07307 0.168582 0.31185 -0.022441 0.216338 0.178972 0.31185 0.120826 0.120826 0.06581 0.07307 0.216338 0.168582 0.31185 0.168582 0.168582 0.31185 0.216338 0.216338 0.407362 0.216338 0.120826 0.347719 0.216338 0.216338 0.168582 0.359606 0.407362 0.07307 0.168582 0.404233 0.291204 0.291204 0.347719 0.216338 0.216338 0.264094 0.359606 0.216338 0.407362 0.31185 0.359606 0.502873 0.264094 0.216338 0.407362 0.216338 0.264094 0.114856 0.339551 0.01238 0.359606 0.025314 0.31185 0.359606 0.168582 0.31185 0.264094 0.168582 0.063618 0.063618 0.264094 -0.038858 0.216338 0.168582 -0.022441 0.168582 0.168582 0.07307 -0.022441 0.07307 0.216338 0.07307 0.168582 0.063618 0.07307 0.216338 0.07307 0.168582 -0.070197 0.07307
0.319808 0.168582 0.264094 0.168582 0.264094 0.07307 0.168582 0.216338 -0.022441 0.216338 0.235553 0.264094 0.216338 0.216338 0.06581 0.07307 0.264094 0.264094 0.359606 0.264094 0.216338 0.31185 0.216338 0.264094 0.31185 0.120826 0.168582 0.23469 0.168582 0.168582 0.07307 0.359606 0.407362 0.120826 0.120826 0.347719 0.404233 0.178175 0.23469 0.168582 0.216338 0.264094 0.264094 0.216338 0.31185 0.216338 0.264094 0.359606 0.216338 0.120826 0.407362 0.359606 0.168582 0.063618 0.339551 -0.038858 0.31185 0.07307 0.216338 0.359606 0.07307 0.359606 0.216338 0.359606 0.114856 0.063618 0.31185 0.114856 0.264094 0.168582 0.07307 0.168582 0.120826 0.07307 0.07307 0.216338 0.216338 0.168582 0.168582 0.114856 0.07307 0.264094 0.168582 0.216338 0.025314 0.07307 0.07307
0.26857 0.31185 0.216338 0.264094 0.31185 0.216338 0.168582 0.264094 0.359606 0.359606 0.348715 0.407362 0.359606 0.455118 0.235553 0.168582 0.359606 0.216338 0.216338 0.216338 0.216338 0.168582 0.31185 0.168582 0.407362 0.168582 0.168582 0.460748 0.455118 0.407362 0.359606 0.502873 0.31185 0.359606 0.31185 0.460748 0.460748 0.291204 0.404233 0.455118 0.264094 0.359606 0.550629 0.359606 0.455118 0.598385 0.502873 0.598385 0.359606 0.359606 0.31185 0.455118 0.264094 0.26857 0.290165 0.26857 0.407362 0.31185 0.168582 0.359606 0.168582 0.264094 0.31185 0.455118 0.26857 0.371046 0.264094 0.371046 0.31185 0.31185 0.31185 0.407362 0.216338 0.31185 0.120826 0.407362 0.120826 0.120826 0.07307 0.26857 0.31185 0.359606 0.07307 0.168582 0.216338 0.168582 0.31185 0.264094
0.371046 0.359606 0.359606 0.407362 0.407362 0.31185 0.31185 0.407362 0.407362 0.502873 0.518458 0.407362 0.407362 0.550629 0.405296 0.31185 0.407362 0.31185 0.31185 0.31185 0.359606 0.264094 0.359606 0.264094 0.502873 0.31185 0.264094 0.460748 0.550629 0.455118 0.455118 0.550629 0.455118 0.407362 0.359606 0.404233 0.404233 0.404233 0.517263 0.550629 0.359606 0.407362 0.598385 0.407362 0.550629 0.646141 0.550629 0.646141 0.455118 0.455118 0.359606 0.455118 0.407362 0.422285 0.388936 0.422285 0.502873 0.407362 0.359606 0.455118 0.31185 0.359606 0.407362 0.502873 0.26857 0.422285 0.359606 0.422285 0.359606 0.407362 0.359606 0.359606 0.359606 0.455118 0.31185 0.550629 0.31185 0.264094 0.31185 0.473523 0.407362 0.455118 0.264094 0.359606 0.359606 0.264094 0.455118 0.455118 0.216338
0.26857 0.264094 0.359606 0.216338 0.407362 0.120826 0.264094 0.31185 0.120826 0.359606 0.292134 0.359606 0.216338 0.264094 0.122391 0.120826 0.264094 0.264094 0.31185 0.264094 0.216338 0.31185 0.31185 0.264094 0.455118 0.264094 0.168582 0.347719 0.31185 0.264094 0.264094 0.359606 0.407362 0.216338 0.168582 0.460748 0.460748 0.347719 0.347719 0.025314 0.31185 0.31185 0.407362 0.31185 0.502873 0.264094 0.455118 0.550629 0.168582 0.216338 0.407362 0.359606 0.216338 0.063618 0.388936 -0.038858 0.31185 0.120826 0.168582 0.264094 0.216338 0.31185 0.264094 0.264094 -0.090096 0.01238 0.264094 0.01238 0.216338 0.216338 0.168582 0.216338 0.216338 0.168582 0.168582 0.216338 0.31185 0.264094 0.264094 0.063618 0.216338 0.359606 0.264094 0.264094 0.07307 0.168582 0.120826 0.07307 0.31185 0.359606
0.26857 0.216338 0.359606 0.31185 0.359606 0.120826 0.31185 0.31185 0.168582 0.407362 0.405296 0.31185 0.264094 0.359606 0.122391 0.168582 0.31185 0.31185 0.31185 0.31185 0.264094 0.264094 0.31185 0.264094 0.407362 0.264094 0.216338 0.291204 0.264094 0.216338 0.216338 0.31185 0.359606 0.216338 0.120826 0.404233 0.404233 0.347719 0.404233 0.025314 0.31185 0.264094 0.359606 0.264094 0.502873 0.264094 0.407362 0.502873 0.120826 0.216338 0.359606 0.407362 0.216338 0.114856 0.339551 -0.038858 0.264094 0.168582 0.31185 0.216338 0.216338 0.31185 0.407362 0.407362 0.01238 -0.038858 0.264094 0.114856 0.216338 0.216338 0.216338 0.264094 0.168582 0.264094 0.216338 0.31185 0.264094 0.31185 0.216338 0.166094 0.216338 0.455118 0.216338 0.31185 0.120826 0.120826 0.216338 0.168582 0.264094 0.407362 -0.117953
0.217332 0.264094 0.31185 0.264094 0.359606 0.168582 0.264094 0.264094 0.264094 0.407362 0.348715 0.359606 0.31185 0.407362 0.178972 0.168582 0.31185 0.264094 0.264094 0.264094 0.264094 0.216338 0.31185 0.216338 0.407362 0.216338 0.168582 0.347719 0.359606 0.31185 0.264094 0.407362 0.31185 0.264094 0.168582 0.404233 0.404233 0.291204 0.347719 0.07307 0.264094 0.264094 0.455118 0.31185 0.455118 0.359606 0.407362 0.550629 0.168582 0.264094 0.31185 0.407362 0.216338 0.114856 0.339551 0.063618 0.31185 0.216338 0.168582 0.264094 0.216338 0.264094 0.264094 0.359606 0.01238 0.114856 0.264094 0.166094 0.216338 0.264094 0.264094 0.264094 0.264094 0.264094 0.264094 0.31185 0.31185 0.216338 0.264094 0.166094 0.264094 0.407362 0.264094 0.264094 0.216338 0.216338 0.264094 0.168582 0.216338 0.264094 -0.070197 -0.022441
0.282771 0.110069 0.220991 0.220991 0.276452 0.054608 0.16553 0.276452 0.054608 0.331913 0.31275 0.110069 0.16553 0.220991 -0.025896 0.054608 0.331913 0.16553 0.220991 0.16553 0.110069 0.110069 0.220991 0.110069 0.331913 0.054608 -0.000853 0.311608 0.16553 0.110069 0.054608 0.220991 0.442834 0.054608 0.054608 0.108706 0.108706 0.108706 0.243974 0.276452 0.110069 0.220991 0.276452 0.16553 0.331913 0.387373 0.220991 0.442834 0.220991 0.16553 0.220991 0.387373 0.220991 0.162345 0.249719 0.041918 0.498295 0.110069 0.387373 0.387373 0.054608 0.276452 0.331913 0.387373 0.102132 0.102132 0.276452 0.102132 0.220991 0.16553 0.110069 0.220991 0.16553 0.220991 0.110069 0.331913 0.220991 0.110069 0.220991 0.282771 0.110069 0.331913 0.16553 0.276452 0.110069 0.054608 0.16553 0.110069 0.220991 0.220991 0.220991 0.220991 0.16553
0.422285 0.502873 0.550629 0.407362 0.646141 0.359606 0.502873 0.550629 0.455118 0.741653 0.518458 0.550629 0.502873 0.455118 0.292134 0.31185 0.502873 0.407362 0.455118 0.407362 0.359606 0.407362 0.598385 0.407362 0.741653 0.407362 0.264094 0.573777 0.598385 0.502873 0.502873 0.502873 0.598385 0.455118 0.359606 0.573777 0.573777 0.517263 0.404233 0.31185 0.455118 0.502873 0.646141 0.550629 0.646141 0.550629 0.598385 0.789409 0.31185 0.407362 0.502873 0.646141 0.359606 0.371046 0.487707 0.26857 0.550629 0.359606 0.31185 0.407362 0.407362 0.407362 0.359606 0.455118 0.166094 0.319808 0.407362 0.26857 0.359606 0.455118 0.502873 0.455118 0.455118 0.502873 0.455118 0.407362 0.598385 0.455118 0.502873 0.319808 0.550629 0.646141 0.550629 0.502873 0.359606 0.455118 0.407362 0.407362 0.359606 0.264094 0.025314 0.120826 -0.022441 0.220991
0.319808 0.216338 0.168582 0.168582 0.31185 0.07307 0.120826 0.168582 0.120826 0.216338 0.235553 0.31185 0.31185 0.31185 0.122391 0.07307 0.31185 0.216338 0.31185 0.216338 0.216338 0.31185 0.168582 0.264094 0.264094 0.168582 0.120826 0.347719 0.216338 0.264094 0.168582 0.455118 0.455118 0.216338 0.264094 0.404233 0.404233 0.12166 0.347719 0.359606 0.168582 0.31185 0.407362 0.168582 0.407362 0.455118 0.455118 0.502873 0.407362 0.264094 0.31185 0.407362 0.264094 0.114856 0.339551 0.063618 0.407362 0.168582 0.168582 0.502873 -0.022441 0.359606 0.264094 0.31185 0.217332 0.217332 0.31185 0.217332 0.359606 0.216338 0.120826 0.31185 0.216338 0.120826 0.025314 0.264094 0.216338 0.025314 0.216338 0.166094 0.07307 0.216338 0.120826 0.216338 0.07307 0.120826 0.120826 -0.022441 0.168582 0.31185 0.216338 0.359606 0.216338 0.16553 0.359606
0.319808 0.264094 0.216338 0.264094 0.31185 0.216338 0.168582 0.31185 0.264094 0.359606 0.348715 0.359606 0.359606 0.407362 0.178972 0.168582 0.455118 0.264094 0.264094 0.264094 0.216338 0.264094 0.31185 0.264094 0.407362 0.168582 0.216338 0.460748 0.359606 0.31185 0.31185 0.455118 0.455118 0.31185 0.31185 0.460748 0.460748 0.291204 0.404233 0.502873 0.264094 0.407362 0.455118 0.31185 0.455118 0.550629 0.502873 0.550629 0.455118 0.31185 0.407362 0.502873 0.31185 0.26857 0.339551 0.217332 0.550629 0.264094 0.216338 0.550629 0.07307 0.359606 0.359606 0.502873 0.26857 0.319808 0.359606 0.319808 0.359606 0.31185 0.264094 0.407362 0.31185 0.31185 0.168582 0.407362 0.216338 0.216338 0.264094 0.371046 0.264094 0.359606 0.216338 0.264094 0.264094 0.216338 0.31185 0.025314 0.120826 0.359606 0.31185 0.407362 0.264094 0.054608 0.502873 -0.022441
0.319808 0.264094 0.407362 0.359606 0.407362 0.216338 0.359606 0.359606 0.216338 0.455118 0.461877 0.359606 0.31185 0.455118 0.235553 0.264094 0.407362 0.407362 0.407362 0.407362 0.359606 0.264094 0.359606 0.264094 0.455118 0.216338 0.216338 0.23469 0.264094 0.264094 0.168582 0.407362 0.31185 0.168582 0.07307 0.347719 0.347719 0.291204 0.23469 0.168582 0.264094 0.216338 0.407362 0.31185 0.455118 0.359606 0.264094 0.550629 0.07307 0.264094 0.359606 0.455118 0.168582 0.166094 0.487707 0.063618 0.359606 0.216338 0.407362 0.31185 0.264094 0.407362 0.264094 0.502873 0.114856 0.063618 0.407362 0.166094 0.264094 0.31185 0.264094 0.216338 0.31185 0.31185 0.31185 0.359606 0.359606 0.264094 0.359606 0.26857 0.264094 0.502873 0.31185 0.359606 0.216338 0.216338 0.264094 0.120826 0.359606 0.216338 0.216338 0.168582 0.168582 0.16553 0.264094 0.359606 0.407362
0.217332 0.264094 0.359606 0.216338 0.407362 0.168582 0.264094 0.31185 0.07307 0.359606 0.292134 0.359606 0.216338 0.31185 0.178972 0.168582 0.31185 0.31185 0.407362 0.31185 0.264094 0.359606 0.31185 0.31185 0.455118 0.264094 0.216338 0.23469 0.31185 0.264094 0.264094 0.407362 0.407362 0.216338 0.168582 0.460748 0.460748 0.347719 0.23469 0.216338 0.31185 0.31185 0.407362 0.31185 0.502873 0.359606 0.455118 0.550629 0.216338 0.168582 0.455118 0.359606 0.168582 0.063618 0.438322 -0.038858 0.359606 0.120826 0.31185 0.264094 0.216338 0.359606 0.216338 0.31185 0.063618 0.01238 0.31185 0.01238 0.216338 0.264094 0.168582 0.168582 0.216338 0.168582 0.120826 0.216338 0.264094 0.264094 0.264094 0.114856 0.216338 0.359606 0.216338 0.264094 0.025314 0.120826 0.120826 -0.070197 0.216338 0.407362 0.120826 0.120826 0.168582 0.16553 0.359606 0.216338 0.264094 0.025314
0.114856 0.31185 0.168582 0.216338 0.264094 0.168582 0.120826 0.168582 0.168582 0.168582 0.348715 0.407362 0.168582 0.502873 0.348715 0.168582 0.31185 0.264094 0.216338 0.264094 0.264094 0.216338 0.216338 0.168582 0.359606 0.168582 0.216338 0.347719 0.407362 0.407362 0.31185 0.598385 0.120826 0.31185 0.264094 0.517263 0.517263 0.291204 0.404233 0.264094 0.31185 0.31185 0.550629 0.359606 0.502873 0.502873 0.502873 0.598385 0.31185 0.31185 0.359606 0.359606 0.264094 0.114856 0.438322 0.114856 0.31185 0.264094 0.216338 0.31185 0.216338 0.359606 0.264094 0.407362 0.166094 0.217332 0.31185 0.26857 0.31185 0.31185 0.168582 0.31185 0.31185 0.168582 0.120826 0.359606 0.07307 0.168582 0.168582 0.217332 0.216338 0.31185 0.120826 0.120826 0.216338 0.168582 0.264094 0.025314 0.120826 0.407362 0.264094 0.31185 0.168582 0.331913 0.502873 0.120826 0.168582 0.120826 0.07307
0.217332 0.07307 0.120826 0.120826 0.120826 -0.022441 0.025314 0.168582 0.07307 0.216338 0.178972 0.168582 0.168582 0.168582 -0.047352 -0.022441 0.216338 0.07307 0.07307 0.07307 0.07307 0.025314 0.025314 0.025314 0.168582 -0.022441 -0.022441 0.12166 0.07307 0.025314 -0.022441 0.168582 0.216338 -0.022441 -0.022441 0.065146 0.065146 -0.047884 0.12166 0.168582 -0.022441 0.07307 0.168582 0.025314 0.168582 0.264094 0.120826 0.264094 0.168582 0.07307 0.168582 0.216338 0.07307 0.01238 0.191395 0.063618 0.264094 0.07307 0.120826 0.264094 -0.070197 0.168582 0.120826 0.31185 0.01238 0.01238 0.168582 0.114856 0.168582 0.025314 0.07307 0.07307 0.07307 0.07307 0.025314 0.264094 0.120826 -0.022441 0.07307 0.114856 0.07307 0.120826 0.07307 0.07307 0.120826 -0.022441 0.168582 0.07307 0.120826 0.120826 0.120826 0.168582 0.025314 -0.000853 0.31185 -0.022441 -0.022441 0.120826 0.216338 0.168582
0.371046 0.407362 0.502873 0.31185 0.550629 0.359606 0.407362 0.502873 0.359606 0.693897 0.461877 0.407362 0.359606 0.455118 0.292134 0.31185 0.502873 0.407362 0.502873 0.407362 0.31185 0.407362 0.502873 0.359606 0.693897 0.359606 0.264094 0.460748 0.550629 0.455118 0.455118 0.502873 0.550629 0.407362 0.31185 0.517263 0.517263 0.460748 0.291204 0.455118 0.407362 0.455118 0.598385 0.502873 0.598385 0.598385 0.550629 0.741653 0.31185 0.359606 0.502873 0.598385 0.31185 0.371046 0.487707 0.26857 0.550629 0.31185 0.216338 0.407362 0.216338 0.407362 0.168582 0.359606 0.217332 0.26857 0.407362 0.26857 0.264094 0.455118 0.455118 0.359606 0.455118 0.455118 0.407362 0.359606 0.550629 0.407362 0.502873 0.371046 0.502873 0.598385 0.502873 0.455118 0.31185 0.359606 0.359606 0.07307 0.264094 0.264094 0.216338 0.31185 0.264094 0.220991 0.07307 0.168582 0.168582 0.120826 0.216338 0.31185 0.216338
0.166094 0.168582 0.07307 0.216338 0.168582 0.07307 0.07307 0.07307 0.216338 0.168582 0.292134 0.264094 0.264094 0.455118 0.122391 0.120826 0.264094 0.216338 0.120826 0.216338 0.216338 0.120826 0.120826 0.120826 0.168582 0.07307 0.120826 0.23469 0.264094 0.264094 0.168582 0.455118 0.168582 0.216338 0.168582 0.291204 0.291204 0.065146 0.347719 0.264094 0.120826 0.168582 0.407362 0.168582 0.359606 0.455118 0.359606 0.455118 0.264094 0.264094 0.168582 0.359606 0.216338 0.114856 0.290165 0.114856 0.264094 0.216338 0.120826 0.359606 0.025314 0.264094 0.264094 0.407362 0.166094 0.217332 0.264094 0.319808 0.264094 0.216338 0.168582 0.264094 0.216338 0.168582 0.120826 0.359606 0.07307 0.025314 0.120826 0.217332 0.120826 0.264094 0.07307 0.120826 0.216338 0.120826 0.264094 0.07307 0.07307 0.168582 0.216338 0.264094 0.025314 0.16553 0.31185 -0.213465 0.07307 0.168582 0.216338 -0.070197 -0.070197 0.168582
0.371046 0.264094 0.31185 0.455118 0.264094 0.120826 0.264094 0.455118 0.264094 0.407362 0.575039 0.264094 0.31185 0.31185 0.178972 0.168582 0.264094 0.216338 0.07307 0.216338 0.168582 0.025314 0.31185 0.025314 0.455118 0.120826 0.07307 0.404233 0.407362 0.31185 0.216338 0.31185 0.359606 0.216338 0.216338 0.178175 0.23469 0.291204 0.460748 0.455118 0.264094 0.31185 0.407362 0.31185 0.359606 0.455118 0.216338 0.455118 0.264094 0.407362 0.168582 0.455118 0.31185 0.422285 0.24078 0.371046 0.407362 0.359606 0.407362 0.31185 0.264094 0.31185 0.407362 0.598385 0.114856 0.319808 0.31185 0.371046 0.407362 0.216338 0.264094 0.264094 0.168582 0.455118 0.264094 0.598385 0.216338 0.216338 0.120826 0.319808 0.31185 0.455118 0.216338 0.359606 0.359606 0.216338 0.407362 0.359606 0.168582 0.359606 0.31185 0.31185 0.168582 -0.056314 0.31185 0.407362 0.31185 0.264094 0.359606 0.359606 0.120826 0.407362 0.216338
0.26857 0.216338 0.168582 0.120826 0.264094 0.120826 0.07307 0.168582 0.120826 0.168582 0.178972 0.359606 0.216338 0.31185 0.122391 0.07307 0.31185 0.216338 0.264094 0.216338 0.168582 0.264094 0.216338 0.216338 0.31185 0.120826 0.168582 0.347719 0.264094 0.264094 0.216338 0.455118 0.31185 0.216338 0.216338 0.460748 0.460748 0.178175 0.291204 0.264094 0.216338 0.31185 0.407362 0.264094 0.407362 0.407362 0.455118 0.502873 0.31185 0.216338 0.407362 0.359606 0.216338 0.063618 0.339551 0.01238 0.359606 0.120826 0.168582 0.407362 0.07307 0.31185 0.264094 0.31185 0.217332 0.166094 0.264094 0.166094 0.264094 0.216338 0.120826 0.31185 0.168582 0.07307 -0.022441 0.216338 0.07307 0.120826 0.120826 0.166094 0.120826 0.216338 0.07307 0.120826 0.025314 0.07307 0.120826 -0.022441 0.025314 0.264094 0.07307 0.168582 0.216338 0.16553 0.31185 -0.070197 0.025314 0.264094 0.120826 -0.022441 -0.022441 0.120826 -0.022441 0.407362
0.473523 0.264094 0.31185 0.264094 0.407362 0.216338 0.264094 0.31185 0.216338 0.407362 0.348715 0.407362 0.455118 0.407362 0.06581 0.168582 0.550629 0.359606 0.407362 0.359606 0.31185 0.407362 0.359606 0.407362 0.407362 0.216338 0.264094 0.460748 0.264094 0.264094 0.216338 0.455118 0.598385 0.264094 0.264094 0.517263 0.517263 0.23469 0.347719 0.407362 0.264094 0.407362 0.407362 0.31185 0.455118 0.502873 0.455118 0.550629 0.407362 0.264094 0.502873 0.598385 0.31185 0.217332 0.339551 0.01238 0.598385 0.216338 0.264094 0.646141 0.07307 0.455118 0.359606 0.407362 0.319808 0.26857 0.359606 0.319808 0.407362 0.31185 0.264094 0.407362 0.31185 0.264094 0.216338 0.359606 0.359606 0.264094 0.359606 0.371046 0.216338 0.407362 0.31185 0.359606 0.216338 0.216338 0.264094 0.07307 0.264094 0.502873 0.216338 0.168582 0.31185 0.16553 0.455118 -0.070197 0.07307 0.359606 0.31185 0.264094 -0.022441 0.264094 0.07307 0.455118 0.025314
0.473523 0.31185 0.359606 0.216338 0.455118 0.216338 0.264094 0.31185 0.168582 0.359606 0.292134 0.455118 0.359606 0.359606 0.178972 0.168582 0.455118 0.359606 0.502873 0.359606 0.31185 0.455118 0.359606 0.407362 0.455118 0.264094 0.264094 0.347719 0.31185 0.31185 0.264094 0.502873 0.550629 0.264094 0.264094 0.517263 0.517263 0.23469 0.23469 0.31185 0.31185 0.407362 0.455118 0.359606 0.502873 0.455118 0.502873 0.598385 0.359606 0.264094 0.550629 0.502873 0.264094 0.166094 0.487707 0.063618 0.502873 0.168582 0.264094 0.502873 0.120826 0.455118 0.264094 0.407362 0.319808 0.217332 0.407362 0.217332 0.359606 0.31185 0.216338 0.359606 0.264094 0.168582 0.120826 0.264094 0.31185 0.264094 0.31185 0.26857 0.216338 0.359606 0.264094 0.31185 0.07307 0.168582 0.168582 -0.070197 0.07307 0.455118 0.168582 0.264094 0.31185 0.054608 0.455118 -0.022441 0.025314 0.264094 -0.022441 0.168582 0.120826 0.120826 0.168582 0.31185 -0.022441 0.025314
0.319808 0.216338 0.264094 0.264094 0.264094 0.168582 0.216338 0.216338 0.168582 0.31185 0.348715 0.31185 0.359606 0.407362 0.178972 0.168582 0.359606 0.31185 0.359606 0.31185 0.31185 0.31185 0.264094 0.31185 0.31185 0.168582 0.264094 0.347719 0.264094 0.264094 0.168582 0.455118 0.407362 0.264094 0.216338 0.404233 0.460748 0.23469 0.404233 0.31185 0.264094 0.31185 0.359606 0.264094 0.359606 0.359606 0.359606 0.407362 0.31185 0.216338 0.407362 0.455118 0.264094 0.166094 0.339551 0.114856 0.359606 0.216338 0.31185 0.455118 0.168582 0.359606 0.407362 0.502873 0.26857 0.217332 0.359606 0.319808 0.31185 0.264094 0.216338 0.31185 0.216338 0.216338 0.216338 0.359606 0.264094 0.216338 0.216338 0.26857 0.168582 0.359606 0.216338 0.264094 0.216338 0.168582 0.264094 0.07307 0.31185 0.359606 0.216338 0.264094 0.264094 0.16553 0.31185 0.168582 0.216338 0.264094 0.168582 0.216338 0.168582 0.359606 0.120826 0.359606 0.07307 0.264094 0.264094
0.371046 0.407362 0.31185 0.359606 0.359606 0.359606 0.264094 0.31185 0.407362 0.407362 0.461877 0.502873 0.502873 0.598385 0.405296 0.31185 0.502873 0.407362 0.407362 0.407362 0.407362 0.31185 0.407362 0.31185 0.455118 0.168582 0.31185 0.517263 0.502873 0.502873 0.31185 0.693897 0.359606 0.407362 0.359606 0.517263 0.573777 0.291204 0.404233 0.455118 0.31185 0.407362 0.598385 0.455118 0.407362 0.598385 0.407362 0.598385 0.455118 0.407362 0.455118 0.598385 0.359606 0.319808 0.438322 0.319808 0.502873 0.407362 0.216338 0.550629 0.216338 0.455118 0.264094 0.598385 0.422285 0.473523 0.455118 0.524761 0.455118 0.455118 0.407362 0.455118 0.407362 0.359606 0.31185 0.502873 0.31185 0.216338 0.31185 0.422285 0.359606 0.455118 0.31185 0.31185 0.407362 0.359606 0.455118 0.07307 0.120826 0.455118 0.407362 0.502873 0.31185 0.331913 0.550629 0.07307 0.120826 0.264094 0.31185 -0.022441 0.120826 0.216338 -0.022441 0.359606 0.120826 0.216338 0.168582 0.264094
0.319808 0.168582 0.264094 0.168582 0.31185 0.025314 0.168582 0.264094 0.025314 0.264094 0.235553 0.264094 0.168582 0.168582 0.009229 0.025314 0.216338 0.168582 0.264094 0.168582 0.120826 0.168582 0.216338 0.120826 0.359606 0.120826 0.025314 0.23469 0.216338 0.168582 0.120826 0.264094 0.359606 0.07307 0.07307 0.23469 0.23469 0.12166 0.178175 0.168582 0.168582 0.216338 0.31185 0.216338 0.359606 0.31185 0.264094 0.455118 0.120826 0.168582 0.264094 0.31185 0.168582 0.114856 0.290165 0.01238 0.31185 0.07307 0.216338 0.264094 0.07307 0.264094 0.216338 0.31185 0.063618 0.063618 0.216338 0.063618 0.216338 0.120826 0.07307 0.216338 0.07307 0.120826 0.025314 0.216338 0.168582 0.120826 0.120826 0.114856 0.120826 0.264094 0.120826 0.216338 -0.022441 0.025314 0.07307 0.025314 0.07307 0.120826 0.07307 0.07307 0.07307 0.054608 0.025314 -0.022441 0.168582 -0.022441 0.07307 0.168582 0.025314 -0.070197 0.025314 0.120826 -0.070197 0.120826 0.025314 0.120826 0.216338
0.473523 0.455118 0.598385 0.550629 0.598385 0.31185 0.550629 0.598385 0.407362 0.693897 0.688201 0.502873 0.455118 0.502873 0.348715 0.359606 0.455118 0.455118 0.455118 0.455118 0.407362 0.31185 0.550629 0.31185 0.693897 0.407362 0.264094 0.404233 0.550629 0.455118 0.407362 0.455118 0.502873 0.359606 0.264094 0.460748 0.460748 0.517263 0.404233 0.407362 0.455118 0.407362 0.598385 0.502873 0.646141 0.598385 0.455118 0.741653 0.216338 0.455118 0.407362 0.598385 0.31185 0.422285 0.537092 0.319808 0.502873 0.407362 0.502873 0.264094 0.455118 0.455118 0.407362 0.646141 0.166094 0.26857 0.455118 0.319808 0.407362 0.407362 0.455118 0.359606 0.407362 0.550629 0.502873 0.550629 0.550629 0.455118 0.455118 0.371046 0.502873 0.693897 0.502873 0.550629 0.407362 0.407362 0.455118 0.359606 0.455118 0.31185 0.264094 0.264094 0.216338 0.276452 0.025314 0.550629 0.646141 -0.070197 0.216338 0.407362 0.359606 0.07307 0.359606 0.168582 0.455118 0.646141 0.455118 0.264094 0.502873 -0.022441 0
